-7726
-9762
-2211
-7064
2402
-8171
-8413
-8911
-6677
-6145
-8660
8445
6134
-7205
7665
-2129
-639
-3211
-1610
-7447
-6789
176
-767
-1718
-8298
3116
1802
1620
9496
-4607
-7753
-7695
-588
6697
9604
184
9562
-474
-7106
8430
7788
1891
-7366
-9432
-7024
2773
3459
-5224
-1397
3685
7566
-9370
2543
2480
-8780
1343
2955
2766
-1088
-8437
-9524
-8143
-5785
-2812
-3070
6608
-5928
5
-9628
9605
-1677
-8066
-4592
2740
-4769
623
-6730
2350
5688
-6090
-9609
8021
-2938
-2941
-6650
-4769
-3404
1546
4059
7329
5119
-699
6654
9765
2252
4175
-8538
-8966
-5504
7283
-9498
-2919
-3445
-1784
69
1883
5347
2619
3183
-4946
-8039
-2127
2347
652
-3032
4229
2189
5897
-8214
-4329
-3731
1229
2577
1029
-4072
-5758
-7438
-2052
-8380
-6607
6053
-853
-4311
5705
-4406
-4713
399
2687
-627
-6125
-6589
5916
909
-1040
-1457
-9677
314
-7691
3976
8978
-7458
1257
-9943
1243
3614
-4810
95
-8076
-6560
5650
9703
-7781
8558
-8427
-1034
-4803
-6597
-6385
-1289
-4661
-7195
5025
5786
-4063
-577
863
-7734
5363
-763
-5220
-6305
-5052
-9896
-3828
5111
2036
5197
-927
2720
-3521
8670
-1416
-5547
-8831
-764
-4453
-2732
-5984
-5496
-4932
-700
-1022
-8683
9
9437
-5146
-6286
-4735
486
-8014
-3953
-1567
-836
3016
-4962
-8188
4799
-9378
1701
3275
-8738
-755
-4175
-7782
-3400
-981
-7282
-6335
-5174
-2346
-2796
-8795
-2623
1265
-9246
-2217
-910
-559
-46
-286
-5078
-5704
-7836
-9396
1032
6660
-4900
-7330
-5527
-8094
-623
6173
-6748
-1401
742
-9990
3320
-3103
1044
-9229
1474
4810
-4693
-3951
8435
-1188
-6697
1679
-4926
9675
-6363
-250
3742
-9552
-2521
-8057
-1689
-4672
2902
-8770
1468
-9623
-5352
-544
9049
1651
-9727
1286
3771
-8948
2593
-9449
-126
-4319
-3597
-4986
6116
2286
-8677
-8258
-9452
-5732
-1484
6778
-8439
7551
2693
9175
-9918
7206
-6219
-8627
-8733
-6056
8578
890
-924
-8517
5070
5059
-9206
-1615
4217
-2763
-7244
-794
9108
-2319
-1191
239
115
-2073
-1261
8971
-635
193
-7787
-6003
6978
-8731
-4507
-5252
4099
6676
-3132
-8197
-363
-9514
-5106
-9020
-5967
2809
-8020
2619
-8123
-4395
1216
-6943
-9706
1622
-1411
-8124
-4212
-5866
-1532
-31
-3549
-1977
8746
-5630
8616
-8423
4819
-6388
-3227
-5127
485
2102
-1829
5402
2593
696
-141
175
-6932
5360
-3825
3745
-820
1943
-9373
-2496
-488
-9544
-4309
-8591
1393
486
2133
754
-6579
7305
3295
-7075
-4363
-741
-2554
-9368
2483
-2957
-8067
-7732
-606
-4544
-6500
-5807
79
-6664
-9348
-6946
-6592
1011
1793
-3244
-7920
5425
-3721
-4192
-2464
-286
-8512
-6966
-5046
-5146
4110
2518
-1641
-7947
-8916
3844
3505
-518
-8385
3802
2586
-8414
-5833
2657
9950
5629
-4809
8246
-9274
-325
-9030
2202
-3984
280
5884
6699
-8549
8349
626
9208
-8730
-1340
8797
2573
-5476
-2306
-9089
-9736
-4886
4627
1486
-1211
2289
-5849
392
3693
8834
-794
5382
1807
-3675
-3912
-2573
8061
-6981
1940
-4226
3995
-1176
-6946
-7795
546
9515
5482
-267
-4149
206
-7680
5641
-6357
-9148
-7195
1519
-8966
-5777
-3049
-6568
-3814
-7903
-3847
-4080
-461
-4539
9906
-9610
-3454
-4290
-8625
1863
-6314
2642
7535
-8387
2482
-6720
-33
9470
-8808
-2921
804
-9457
3590
-6520
-3302
3562
-6817
-5828
2523
1105
-9585
-2908
-1855
-1088
554
-1010
-3248
-1591
8501
-1312
-1489
-8066
9543
-2979
-4074
-3673
143
907
-884
2430
3515
-2053
-4945
-5318
-2289
-3328
-360
-3129
5661
3521
7673
-520
6358
4852
4742
-8898
-9958
-2166
-6245
-8
7225
-1466
7326
-3285
-8589
-9388
2171
1015
-4414
-3879
5049
7681
2747
-2619
-2579
-2923
-7760
-5616
4552
2576
-5030
9253
-7591
-7113
-4617
5623
-6611
-7825
8206
-5956
-453
-1497
185
-4485
-319
-6728
-317
-9570
7881
-7567
7795
-4307
-7762
-2773
-637
1084
-9950
1604
5874
-1278
-526
4747
-4608
-1586
3780
-7786
4088
-1129
1121
925
1323
-8559
8730
-5503
4540
-8123
9795
1612
-4703
1858
-5532
5599
-7320
7314
5810
2182
-4552
-5176
5529
9329
-5767
3776
-9667
-673
-5481
-9112
-7967
-3396
-9534
-6725
-9912
-6450
8987
-9490
-9829
-6614
1611
-6450
2538
-852
-7501
-725
-7914
-8984
-4149
-4881
-2289
-8935
867
9970
-9287
-6589
-2896
5615
2644
-5864
-1211
-7847
8923
-6540
2206
6731
332
-9107
-1435
-6499
8714
-2224
2413
8446
9600
2405
-8383
6495
-5913
-1483
7075
-2005
-9461
2573
494
-9281
-6039
2499
-8801
3992
-7430
-7301
4117
-6711
7703
9505
-8844
814
-2990
-8799
-3728
1029
-9299
2357
-5111
-6310
-6676
-1925
755
1860
8096
-6580
-6953
-1488
-7986
-5494
3583
-5894
-398
-6503
8461
642
-4133
-2352
-9205
5439
-9636
1422
-8373
-8147
-7898
2897
-9432
-690
-8787
-2684
-8855
-9906
1173
-2502
1328
-3451
-9529
2072
-2606
1220
-3325
-5160
-5604
9995
-6533
-4596
6690
984
-6593
9023
-5869
-7420
7638
5219
2091
-143
-6227
-6491
-5711
-5376
-5933
1094
-7018
5984
196
2182
2532
105
-8157
-8160
6202
1586
-4755
1725
-2254
-6153
-2642
-5596
-1082
-7585
-3284
-8495
2740
-8478
-8247
-7609
5182
-5951
-2993
7975
-4717
-1150
-2651
-8545
-8107
7831
-4672
-7256
5171
2137
-6720
3884
-3050
-4642
-7495
6885
-2714
1195
114
-3989
9570
-8448
-3095
7182
-8685
-9795
-9087
995
-1241
-7130
-5323
1403
1944
-3299
-4885
8892
3536
-3141
-3373
-7256
5063
5084
-9884
386
4050
-3565
3885
-9485
4448
5930
-6226
-6010
5533
-8540
-2558
-4451
2331
-1663
355
4575
-684
-3258
-760
8015
-4023
-7046
-2608
449
492
-2024
-734
-7919
-8666
9753
-8042
-980
4370
698
9936
-8078
-8792
2014
4651
3137
-2144
-5583
-323
7976
-1195
9523
-1482
-9535
-6966
9771
6574
4965
-2069
-9248
-5993
8665
-490
-9167
-1992
9127
-806
4250
-8385
-8749
-1058
6007
-9205
7819
8390
3472
-4976
-7969
7281
-846
2849
6004
-4635
-8100
-7418
-5740
1328
-7493
-625
1289
3368
-6696
-7538
2634
-7437
-8464
-1732
-4172
-8374
-4955
-3834
-4900
-7040
-6093
-9980
-7677
1825
-4537
-4088
4748
-1287
-854
5783
-4182
-3880
-2493
3993
-1889
-1296
-6978
-9004
3425
1159
2185
-7177
-292
-4215
-131
-2186
-161
-7841
-4092
-4108
-8687
-5920
-4840
5224
-8571
-9340
3211
5367
-8083
-6014
6023
-7578
-4523
9554
146
2934
-344
-5102
-2465
-5627
2453
-6512
6266
-7170
-1736
-3292
-2399
-467
688
-4065
-8258
-4653
7193
-5883
9743
-2567
-5929
119
-7997
-8121
-338
4626
-1076
-2633
-1256
6396
-8015
8325
-9671
2108
-5756
330
6862
-4149
20
-2743
-2299
5323
-4286
-1332
9777
7573
7515
-6650
5534
1816
6844
-5500
1056
-4034
-1736
-9024
659
-911
-6557
9267
-7041
-3779
-3674
7824
9818
5625
6101
-7957
9780
4289
3519
6851
-1556
1316
1643
1111
1448
3303
8259
-839
-4316
-4384
-7894
461
-7700
-2717
180
-5846
-4155
2759
8854
192
1168
-3616
5467
-9412
-8398
-8499
-5799
-9424
1741
-4615
-3100
-3377
1941
3002
4801
-7657
-5315
-100
-2628
-3693
2488
-9116
-6849
638
8959
-1840
-7397
-5588
-5587
-2052
-823
-5433
5525
-2452
-4393
-5483
-2581
4421
7162
9346
5157
-8197
-1336
4794
-9338
-3311
-1715
-9801
345
1918
-1678
-2948
-2657
-5617
-5948
-8991
-7005
-2934
-7847
720
-652
-8871
2119
1936
-8878
-3545
-4224
6241
-4439
-8476
4510
6886
5376
-3248
1848
-3384
-4661
-5450
-2825
-4069
6693
-12
171
7932
-95
870
2563
-1798
-5153
1948
-653
3549
7423
-8763
4600
4194
2164
-2373
2306
-6106
-2952
-8650
526
6854
-377
-6017
3383
548
-6744
-3252
-7001
-2386
-7835
5288
-7951
-1319
-9146
-1804
-6048
-4334
-1475
-7637
2001
7642
-9097
-8631
-4478
1126
-6976
-1105
-2877
7119
-545
-2336
404
-1975
-3004
-6673
7504
6549
9959
-5154
-732
1206
-5690
-4930
-5784
542
-871
-5026
-5595
1971
-3486
8416
7998
944
-4154
1548
238
-7900
-4515
-8598
-6710
-1246
8614
-4373
-3147
1529
2301
-372
-8726
-1150
-754
4564
408
-2213
-6388
1603
-5767
-6509
222
-8788
-7909
805
-5127
-2013
-3649
5671
-3437
1494
548
7141
437
-5928
5634
8681
4148
-5438
6266
3614
-550
9338
-9876
-7883
-4055
-3148
-4406
-1976
2433
-4005
-273
4541
-2115
-8919
-8374
6510
8136
2270
-1091
6
-6075
-4912
235
8622
8945
-2565
112
-22
-6063
-8217
1483
1180
-3004
-6079
-448
-6413
-5797
1289
452
-3998
-2228
9903
2223
-8858
-8638
1211
-7625
246
-2826
1301
2049
-3594
-2941
-4095
-6001
-8726
-521
1506
-4485
2765
-346
-9529
-2672
5185
-6334
-1844
7885
-4600
-1872
2680
-7415
5393
6807
2759
-4990
-7753
-8014
-372
-8146
-6171
271
-2636
-3950
-9473
-9416
-5552
-3181
479
-4848
-9330
-2064
-2405
-8774
-3735
-2160
-10000
-7170
-7103
-3717
2265
-1617
-2773
518
-7778
8583
-7157
2513
-6155
-6187
-415
2325
-1339
-1353
-8415
-8746
-7702
-1558
-7384
-5408
1206
-3519
-8435
-2638
-7939
-394
4499
-2026
-4878
2494
9544
4274
2093
-6112
-9175
288
-6831
-442
-6555
1987
-404
4692
5731
5267
-8738
-136
5637
-1927
-6851
66
303
9666
-9225
3096
2435
5549
2489
-3231
1903
-7033
-5903
842
7274
-1318
-1232
-9878
-935
6081
-2735
-6404
9466
-9248
-7039
726
-358
-1392
-8427
1658
-5498
-7488
481
-4087
6029
-869
-2838
-9673
-3463
-1850
1176
-4283
-2333
-3796
9428
-7604
-8658
4699
-4025
820
-3834
-400
-6872
1967
8051
4495
-6628
-8188
-7409
-3273
821
-8061
943
-3819
-9571
-7004
8010
-8999
-6538
-7383
439
5351
1923
-3993
-7622
3054
-2335
-9847
-6917
7582
603
2442
-8426
-1004
30
2283
-4808
6202
1766
1637
-7223
-4019
-3581
-2274
6565
-9249
-6598
-6180
1391
-6433
-410
1816
-5977
8470
-7201
7154
9082
-9133
-6749
6219
6076
-1816
1043
-3697
-1102
-6665
2360
629
4660
-2777
2279
3843
5328
9180
2602
3442
753
3494
-4223
-5318
-8991
504
-1122
-58
-9522
-3876
-7689
-2004
-5013
676
-4254
-2663
-4490
7429
1656
-6321
1441
-8032
-3137
2197
-3702
-1024
-6680
-3069
-467
-1653
1489
3686
-6564
-5486
5431
7366
-6898
234
-5752
-4638
3543
-4702
-1230
-1603
-235
2730
2596
-2340
1588
4603
1075
-7599
6667
-4841
-7363
9587
-9499
-1524
333
9360
7143
-5278
320
4931
622
9515
-1018
-9784
-872
-2368
6508
4910
263
-6962
-6314
943
-1055
-3509
-9167
-1252
3355
-943
-6101
-1443
-1032
-7612
-3334
-9961
972
-4430
-6333
-3857
-8698
-1241
-1313
-8945
-8372
1497
1783
-4634
-8055
-7682
-3950
-8235
998
1994
7311
-9690
8822
-9359
2611
-3200
7637
5745
1767
-7974
-7568
-4882
-6181
8204
1959
2942
3472
-6677
-9614
1831
6838
-9420
-9213
-5405
688
4907
-8662
2064
-6079
-3488
1120
-5124
4162
-6098
-8452
-9692
-2032
-7342
-5432
-319
-3248
-6289
-1924
5728
-4214
-6634
-4512
-1133
8636
-2039
1395
-4411
1836
9435
-5961
243
-8710
-6980
6788
-7846
3522
2675
376
2766
-2506
-7090
-2725
-4631
2064
-9898
4831
-5750
-2036
7
-8925
-5890
-7856
4991
7964
-5542
4014
2611
-8973
9837
-8599
-1814
-7662
-4528
-9315
-3387
4700
-1208
606
7355
7994
-3194
-3465
9550
2012
-8916
6878
-744
5184
-9868
-5048
1097
9070
1076
3123
1646
-4732
893
-1266
-6382
-4328
9124
2840
-2424
2715
-9852
-8062
-8087
8411
-7072
-1190
-3876
4811
973
-7989
7061
4231
-4238
574
415
-9837
6377
9831
-6277
1090
2183
-4229
-7924
4897
-5053
5126
-3349
1417
-5550
-5892
-5311
2745
-7501
-4850
-2125
-1816
1961
-3104
897
-555
-7923
1688
9707
-7902
-1373
5371
-1485
-6849
-5139
2387
-2649
-6899
-3327
2259
2433
-646
-1003
2557
-5432
209
3266
2754
5082
-2217
-1945
-1908
7245
-1553
9740
-6791
-3472
-6176
-1941
8234
-9991
-9290
-7414
6908
1433
9776
7532
-556
5238
-944
5768
5407
-9261
-10
-4519
6362
9553
4758
-4999
-8561
-9351
-2438
7945
-8895
6555
8852
9329
-3253
2512
3186
1392
6886
-186
-3444
-9172
-9593
-9378
-5495
-5302
-3440
4430
-6759
-5627
7626
-7572
-9599
-7559
614
-7954
6399
-1697
717
-9300
1292
-3874
-5032
-9403
7680
3009
-3904
-2548
-9451
-9852
-3916
8156
-4179
-2542
6216
3239
-4874
-6029
-7500
-9770
3468
2145
-3558
341
-8674
-9253
-9111
-956
6167
-7266
-3743
7478
-5739
9395
-8039
-4810
-4325
2274
-9506
2892
-2224
-9234
8541
-3840
-2850
5796
2562
1084
-37
-5908
-1406
-1031
3410
-7583
-2728
-812
217
4106
4267
-2496
2019
-7394
-9450
9569
604
139
-8599
-2828
-2258
-4930
-8467
-2220
-5494
4217
170
-6788
584
-1622
-5501
5063
-7643
-8898
-8922
-4770
9204
-2255
7883
-3374
-1097
-8183
-8973
-6297
1612
-5787
-7725
-4268
-536
-6415
275
-5592
-4287
-8677
-9609
175
-9074
2602
-6081
9720
-4142
-5812
-6738
-8212
-7209
-592
5992
2924
1145
-105
-1603
-7820
-8542
-6747
1257
2178
-8772
-8004
-3073
-5097
-9469
555
5374
5787
-6117
-8125
8899
-1691
3299
-1909
-4055
-8421
-3129
-5806
-3091
-3017
-1539
7950
-4658
8683
1992
-2917
9588
-2744
802
-6620
2712
-8745
-2088
-4851
-2110
2356
-7660
6404
-3311
-8782
707
-2148
1241
5055
1199
8450
-6097
-3219
7214
-4187
1383
-6225
-9060
9563
-7360
-7069
-6869
2277
1816
-1040
-9602
9999
-9819
4754
-5430
-5157
8135
9073
-8796
385
-1515
4407
-3965
-4240
-513
-9310
9212
-8489
2485
505
172
-7092
2214
-7301
-5953
4385
135
-2882
-8822
-643
563
-2024
-2979
-6260
-40
-6954
-3431
404
-8718
5142
6747
-8183
-9007
-5456
-5054
-378
2529
2904
-9231
-9291
1288
-9982
429
-5905
-7182
8933
3211
-1847
8811
-9053
-3092
-5813
-3571
3462
-2007
-6397
-8453
2000
-3796
1434
-3922
-9173
-8097
-9912
8719
-8151
-3319
7143
-7325
1255
2615
2306
-4756
852
2360
-8331
-2736
-4943
8874
2200
-1612
3449
-4741
1847
-9333
-9085
-1590
-6882
-1291
4036
-2833
-7077
-9151
-1733
154
-9819
9365
5863
-2593
-1991
4592
9947
-3500
8166
6957
-3212
-9965
-5624
6442
-4468
-5213
2395
2858
-6392
6396
-6136
-1416
-1226
-5017
-5819
-3283
-165
-8860
2907
-5421
2537
5524
5447
4908
-3918
-9779
1124
-7474
-3880
3026
-9785
6064
2637
4455
-7058
-3640
-2246
-9218
1269
-7820
-263
9112
-1783
-1094
-2649
-7801
-2947
-8723
-1666
-4326
-2430
-6930
-7710
882
3765
-3940
1330
-2086
-3694
-5851
6025
569
-4015
-1827
4230
-1987
-5454
-6319
996
7236
-9647
5052
-4365
-8105
-2369
2714
1600
2325
3762
666
2262
-3694
-7686
2778
-2582
1345
-8616
5037
-4080
-5329
-1877
1184
-3916
-6418
-6933
-9603
-6043
-1669
1112
-8113
-3596
2300
-9387
-5561
1662
5698
-1485
671
3879
-3529
233
-6402
8137
4442
4523
5277
-5846
-6363
152
-9978
723
2673
-9643
1539
128
-5699
187
-8649
6933
-8340
-52
-4888
-1936
-7027
-7989
-3487
899
96
-3506
-5901
6725
6293
-7541
290
7967
-523
794
-5506
3372
-7736
1981
-9296
-668
-2804
-6759
-2823
-1671
1036
-9399
-7147
4828
-522
-8590
-154
-8064
-8733
-4358
-5521
2988
-103
-3594
-3330
-8223
-8776
6497
-307
7553
-561
-1357
-3287
8886
5040
8848
-4492
1900
1510
-3777
713
-669
-123
8703
991
-2430
-5343
-5995
-5072
1391
801
2667
7514
-8645
8534
-7693
-59
3620
2309
6770
-2203
-6283
-7954
-4134
1634
-6384
326
3864
7128
-7632
-9721
-7569
2649
-9113
-4243
-6588
3354
8880
-234
8222
-7380
7200
210
-7389
-9239
-7842
4670
1937
-4942
5941
72
-2235
-1738
1543
250
-4357
245
3428
7029
-9797
-8540
-2598
632
9747
7541
5391
1389
7552
3505
-2034
7068
3761
-764
2015
8670
-7699
-827
-9126
-8871
-2221
-8947
-7397
-3352
2339
-2684
-7334
91
1436
-7514
3287
-7105
-8890
-4093
2994
1088
-7506
-3871
5409
-9971
8476
6506
-9405
219
-457
-1022
8658
4204
-5839
-7401
1238
-5104
8772
2078
2114
-8052
-2124
8858
-8549
2843
7620
-7649
8339
690
956
2137
-9378
9864
1454
-4024
-1851
-6219
-8099
6158
-6441
5339
-1829
6698
1825
-7388
8981
-3772
-290
-1815
298
-5365
-2385
4732
-7103
-6178
-5650
9471
-2212
-8279
-1633
-7983
1415
-4975
2794
-5130
-617
-7472
2693
6991
-6385
-2236
-3628
-7292
4227
4070
6389
5774
2082
5687
7607
9071
-5809
352
-341
-4000
-4014
-5351
-4994
-7665
-2483
-6871
-2204
3497
-5775
-6287
-4198
-4587
5489
-3646
1063
-4384
534
-7403
640
9536
-8489
-9346
-906
-9421
9921
-1898
-3799
-9144
-198
-4030
-1028
-1632
-5908
4211
-8081
-6506
8829
-6838
8459
-9411
-2210
6082
6968
6026
-4570
-9626
7155
626
1342
-3798
-9309
-7277
3038
3898
6859
5530
-3752
-662
-3909
-3461
-2606
3355
-7379
6694
8699
-4813
-6451
-8070
-9803
-940
9594
-3464
-487
-4021
1866
-129
-388
-4604
-494
1836
-4148
-9911
-2586
3338
5506
833
8477
-8628
-4048
-3237
600
4979
3682
2255
613
7447
-7581
-9308
-5089
3556
2078
-4052
-7687
-2110
-2071
-5707
-5668
-7430
6590
-8187
6827
6839
-3286
-2724
-48
-7863
7593
-9155
147
463
-1551
6482
-3160
3030
-9873
-757
361
-5125
-2065
-6358
-723
-6023
8607
-4228
-9329
-8254
-8361
2345
-9711
-3322
-7567
3439
9703
-3464
-3361
2280
-7061
-424
-5571
-492
-4522
173
-8476
6101
-1520
1706
-2591
-8460
-4377
3774
-9242
-9842
-3523
198
8672
1132
5064
-5952
-9624
1261
-7146
1671
2429
905
6126
-7621
-526
5592
-4132
-8029
-6875
6447
-7283
3949
-4208
1963
-5319
3421
4355
1492
-1375
-4988
2001
-4902
-934
-5553
4841
-5787
-1175
-4251
5640
2601
-2768
8426
12
-34
-8506
1894
-9171
9203
-7346
9166
7241
9174
7521
5784
-2531
-3616
2861
-1424
-9927
-8975
706
-9993
-4394
4822
-6613
7582
1665
621
-70
-6121
60
-7801
-5882
-6957
-3867
-5739
-6918
386
214
3840
-7929
4098
-3216
-9680
7418
-7020
2835
5946
-239
3441
4591
-7276
5075
3485
1117
-2808
-7658
-7078
-5389
-7221
996
-6752
9102
-2610
2468
8555
-1807
2550
1105
-3529
-8328
1736
-1618
4935
-9020
-2362
-9890
-6613
-8998
-4032
-7919
2275
-86
-1243
-9352
-2047
2610
-1192
4325
-6518
-572
8236
-7955
4744
8292
1477
557
-614
-9962
3177
4881
-2390
-6856
3859
-8658
4006
1036
-8767
-2057
8166
-550
-6726
-8624
5202
-2733
-8053
-4547
-5241
823
5008
-1249
-9095
-9987
2419
-5023
-7435
-1241
-3497
-3378
-343
-2499
-2091
-8859
744
-130
-88
-9971
-9434
1840
9096
-2098
-8215
-7046
7890
6394
-9661
1554
1936
-5079
-9733
-1735
-138
-6706
2060
-4986
-4119
-5371
8690
7232
1544
-9013
417
-9905
2564
-3213
7189
-5611
1105
1780
-3665
-2503
1570
-5624
-737
-5339
-3122
5205
-5567
-336
1785
1891
-317
-4194
1714
-2281
-4787
-474
8761
7713
-8829
500
-1120
-530
-4827
-685
-3620
-9406
-6727
-4094
7380
2187
-1110
6862
-3114
-3599
6160
543
504
4138
9457
-5068
-1390
1077
-6776
-7315
-658
-1020
1092
-7672
-8154
-4419
-1388
-1809
-469
-1090
-3934
5873
-9051
5982
8639
-1842
7418
633
-3426
-299
-9903
3181
-5885
-6125
6070
544
6013
5446
-4288
132
-7280
2671
-5904
-9410
1817
-3054
-4482
-3006
-9845
5528
-3984
-5596
-2305
-5840
-2551
6540
-3763
481
-8598
-5240
-6413
-4999
-7562
-6971
-1921
9065
4081
-7200
-2836
204
-4022
-1415
-4987
5134
4994
-7381
-5263
6123
804
-4647
-8976
-6669
-4876
-2393
-1181
3322
-9522
499
-7669
-4956
-1746
1532
-3405
-6270
1967
7202
-4753
583
-688
-6927
-7098
-2574
1885
7838
-9745
-2193
-1910
626
-4169
-3716
8322
-3002
-5779
-274
-384
-4335
662
-3819
-8547
7966
-6271
-387
-4371
-4895
1955
-6698
1860
6060
-40
8503
-259
-3747
148
-2690
-676
2233
-5325
-1509
8177
5663
-9228
-6930
3808
1846
-8411
-6036
-4545
-4953
-4160
-7988
-321
-8013
-9449
-7979
-7314
1725
-2580
351
-6820
138
3269
-7042
-6850
9321
2748
-3496
-6223
754
-483
-2182
6015
-9131
460
-8664
-9115
-1716
-2777
-167
1174
-7820
-567
-2397
-7655
-5284
695
8469
7323
-9638
-6794
-2045
-3422
-2620
604
-313
-2244
1982
-4055
872
8612
1491
2100
-7981
-3365
2112
-1110
689
-7237
1044
-3179
-7750
5741
-9954
5147
-9340
-6537
1246
902
-7550
-1063
2078
-9079
-1587
-3879
4836
-4829
-5509
-6720
4967
-4257
-7274
6780
-1758
5823
-2608
1038
-8186
-4714
-3885
-3929
-4971
3866
-1033
-371
-1811
-5318
-1896
-9539
-4221
-4306
-6935
-9868
7889
-5361
-3998
9934
-7504
-2041
-5698
6479
-4440
-8758
-3638
1890
-3322
1861
-4168
1728
7889
1334
117
1492
2550
-7619
2267
-5185
3339
8370
-3930
-9642
-7310
-4331
-2227
-3921
-7397
-7411
1450
-443
-5008
-8437
3355
-5453
-693
6769
-243
-5633
-5654
1936
2068
9946
-7962
1814
4415
361
-2208
-4762
1098
-7991
-2916
9001
9912
-1945
-9004
6438
1337
-3145
7590
2701
-3600
-6646
-8404
828
-1287
-3819
-9993
-9189
5637
825
-1035
-8920
-3574
-1566
-241
2265
4409
-3633
-7653
7550
-3824
-6574
974
3527
-5807
5276
7121
-7545
4116
-430
6935
-5705
-4456
-4127
-6545
2205
-4193
-2885
8021
-5681
410
-8071
-4338
-6828
-7934
1440
2036
-375
-2518
3852
749
-3957
-654
4487
-4125
8597
-67
-71
9360
-8513
-698
-7161
-8712
4690
-1043
-7052
7421
-5607
-2634
751
-3571
-5896
6935
1766
-5796
7100
2215
3646
3644
-5009
4701
3976
-1663
2457
2521
-2357
-9082
5017
-5404
3977
-3815
-3688
5687
-5986
9554
-2938
1462
-6164
6687
-5063
-8280
-9706
-2362
7739
2818
-1527
-3766
-7704
-7073
2306
-9618
-8077
1879
-4212
1693
7371
-9554
-5912
-9281
3293
-6836
2802
-2058
5786
2127
3650
-8342
9819
-5669
143
-5377
-5310
-1671
-2310
2311
-1342
2113
-6390
-6433
-192
-5839
-7659
-3689
-1860
1280
-3777
-6263
-853
-6536
-1785
-8011
-9144
-4001
1374
7917
-7924
-6922
2102
-5911
-7240
-1947
5831
-7998
-7715
5653
5317
-3396
5524
2560
-8911
2659
-9843
4871
-4288
2041
-8942
-1149
9036
333
6692
7519
-5779
1393
-701
3748
2546
-1498
662
8596
167
3290
5385
-4903
-4488
4243
-7567
-1184
-4645
-6774
-1607
3877
-58
-2627
-4521
7912
-4121
3680
5022
-7482
1399
-6317
-2248
-4151
-3260
-613
2677
7970
-4006
-502
4801
6033
2907
-2208
-3119
-1149
624
1399
-5142
-2522
-1275
-1318
9786
7768
1553
-3787
1220
-6565
6744
-8879
-1466
-5041
7307
1697
-4908
7299
-5323
-7014
-794
2210
345
-1888
-8940
1109
-3111
-1145
7836
4681
-3983
-1832
-9108
-340
-3218
-5039
3614
-385
2427
-4909
-4930
2729
2005
2519
7029
4235
-8594
-8608
7552
-3695
5671
-2538
-8738
3693
2749
6194
-7913
2376
-2584
1526
1296
9938
-9400
-578
-351
3452
3450
-7683
6253
1255
-280
1793
-3668
-1157
5803
2583
8400
-1316
3465
-40
-2721
-9860
8865
-9191
3687
-2839
-696
-7002
1073
-8783
2997
-5356
-2764
-4345
2233
1906
783
5308
3092
-6912
8239
2035
4645
1510
-7914
-4039
2078
-1252
-8063
-5200
-7165
1999
-5794
1674
-628
-4119
-1755
5505
166
5188
6222
1851
-8062
-4695
7027
-7920
-2705
-7463
31
1749
-5663
-3194
-2963
-3313
-8169
2375
2726
-6135
-7558
5005
2158
9354
-6009
-1551
-5661
-1689
6576
-1747
8101
-871
-6625
1300
113
1323
-7012
1630
-2734
-1321
-1647
2877
-1860
9360
-8212
-4907
2574
-7009
1030
6097
1954
-7597
-8924
-3631
-3326
-2732
-7942
-1278
-5769
-1414
-4173
-8240
1642
-644
-2375
4513
-2427
2283
-5305
-7238
-6820
-3104
7559
-3643
232
-4141
-8451
-4938
635
4111
6045
-9911
4017
-8511
-4637
8880
6626
-4553
-8252
-8662
-9022
6633
1218
-3207
5888
9490
-1572
943
-493
-2558
3279
-3897
7990
-906
4952
-647
912
-3737
3994
-2385
7771
-9277
-3136
-3593
-3524
9403
-1342
-5933
9016
-9991
-4339
9461
522
-6116
-8896
-5233
3085
2049
-815
8583
-7105
-9353
4761
-1623
778
-384
2925
4579
-6373
-8811
2699
-853
-843
-2810
-4168
-1020
-5331
-2746
8585
2785
-9461
-3708
-6784
-3577
-6185
-2626
2583
-4645
-361
-1231
8417
-9935
-268
276
1132
-3732
5855
-5210
-1010
457
-7632
-5915
9978
2608
6900
-2913
-7888
1910
5545
6222
-5731
1378
356
-6688
-9982
7435
-4876
6965
8719
2019
-6645
-7699
6993
5432
-4677
-9697
-9644
-6984
1692
-2609
-4221
7284
-2793
-3237
-4820
-793
5566
-6794
-8947
8409
-1702
5848
809
4449
-983
7603
-8742
7879
2024
-1880
4079
947
-9970
-4422
-6325
-7873
-6183
-9693
-2570
-1582
-9077
-8890
1043
9995
-4009
-7195
-9140
1177
-6118
-2445
-2409
-2607
967
5742
2036
5922
-8763
3846
1717
-4989
-1832
-863
4737
-9585
6856
-7551
-424
-525
-2858
-4539
-9446
-540
-1355
-7313
-5112
-9067
-2885
-7545
-8926
-5461
-5260
-1409
-3753
-5879
2136
1109
-1180
-4786
2492
1473
9590
-3736
2224
-8859
-4502
-3040
5185
3211
926
-265
-4996
1005
-7798
7990
6879
-8522
-4696
-2913
-4951
-6743
4148
-6426
6255
-6016
2199
-442
-1835
-5542
2469
2766
-1414
-3635
2662
-9058
-1066
-4672
-2858
9840
8833
2911
-922
-8489
-4045
2245
814
-1426
1810
9889
-7364
5611
4810
-7179
1609
-6412
5174
-9376
-4261
-6223
-8504
-7808
-1445
42
-6683
-6384
1072
8524
-6413
4024
-2518
-2363
5777
-9724
504
-3654
-3677
-7148
9099
6808
-6217
-4297
-4886
-7227
-5276
7123
3725
-9094
-9296
-8154
2284
1493
-9354
8018
1394
-470
4647
7539
8376
-2405
-9683
-3148
301
9960
-6313
-1213
4029
-6809
-8718
-669
-7029
-5161
1141
-3008
-2209
-2221
6433
4969
-2203
-4350
6214
-4263
-5933
-9643
-8088
-4298
-434
276
227
-3874
-5048
2449
-4498
6270
-7412
-8097
-5603
68
-870
102
-1749
-6217
-4618
310
852
-25
-8099
-8292
9352
8001
7098
660
4767
-1470
6746
7134
-632
150
-7911
-8717
-890
-7878
-3703
954
1598
3101
-6102
2357
-565
497
2105
-7455
6259
-4388
-4749
1887
-5954
-7150
2737
-9717
-1023
-9312
-9132
-9129
-3645
-8790
8325
8757
8699
-6439
5020
878
-9960
4717
-1439
-550
7140
-1767
-5775
-6000
4488
8431
7140
1693
-653
2583
7468
4790
2614
-1431
-993
-601
-1419
338
-4613
-6060
-4870
-6024
-834
-3199
-9398
6503
-6852
-1590
-3012
-448
7481
3387
-1561
8154
-2168
-5000
7709
3142
6303
-476
403
-7471
-6041
9732
8779
-9006
-3758
-3177
-9717
2620
-9866
-8686
4942
-9291
-2483
-2516
1854
-3160
7237
-4044
-2977
-1284
-6088
-4381
2354
9416
-7815
7320
-1360
-1345
-8748
-6274
-5443
1651
-146
-1550
-4482
-6791
625
-2267
-3253
-2265
-1138
5467
-669
-7195
-6022
-5570
7007
-6429
-7686
-2319
2441
-8185
-6169
-9122
4586
4171
-8214
-6060
9291
-92
4298
-3374
-8682
-6557
-2682
-762
4445
-2492
-2076
7478
-4355
-2981
1291
-107
-9530
-2954
-2964
-4096
9459
227
9385
-9527
-4771
6604
8335
-399
-1384
170
7110
-8364
3061
-646
-5429
-7574
-4792
9772
8955
-9652
-371
-1829
-2671
-9485
3499
-8127
-1355
-888
-8710
492
1997
343
387
-8531
949
7781
-3991
5584
3638
-1436
-1531
-7537
-9872
-92
5815
-6871
-5380
1035
4058
-7437
4401
-5111
2068
-6842
2083
1477
-9862
-704
-6350
8669
7819
-8879
355
-1940
-8488
-5207
-8985
-1460
-6608
7707
-8924
-5281
-8518
-5534
1556
-2423
7576
-6181
-8951
3168
-3756
2112
2034
-1308
-8609
2413
-6686
6869
-6829
-3649
-7761
2364
1310
-8342
-2345
-8759
635
-7774
-439
-7288
1855
1142
-5661
-7573
3835
5193
-1926
-8278
-4704
-4008
-586
782
-3777
6013
3431
-4152
753
2327
-4429
-3864
3520
5705
143
554
9949
-4254
-9904
-9453
-1137
2461
-4701
-418
-8902
-2261
2235
-4847
3955
-9044
-3834
-2319
-1610
-9338
3791
9408
8993
-2543
9974
7004
-9129
-7025
-5312
-2168
-1819
-4382
-6468
6325
-3922
-991
-1000
213
-7679
-1277
-6022
-8841
7754
-3137
1457
2070
-887
3671
9990
-8184
-7866
-1937
-2792
283
100
-4764
-6520
-6170
8757
-5286
-78
-2083
9167
1654
-4387
2080
-1028
-946
5271
-5355
5977
7069
-5448
478
9847
1563
-8946
-8541
-8409
845
733
9811
-7436
408
6748
-9014
-4368
-9027
-7195
-6510
-5485
-1184
112
-7473
7330
-9495
28
-1516
365
-2832
466
5660
5340
-8078
-2523
7127
-2135
-1433
2429
-991
8050
-7176
-1675
-2694
-5655
-1938
-9855
7571
-6709
-3642
2772
2468
-9285
236
-5247
2435
-8697
-3834
224
1691
-6615
-3377
8499
2481
-3533
-9463
-8055
6188
-3543
9356
-2366
5049
4627
-9984
1430
-6263
1838
-8332
-9744
9662
256
8679
6942
-27
-3146
-5789
-4308
-5241
-1435
-1772
-7152
-2822
-6377
-8393
5634
-6564
-8507
-6997
1419
6533
-33
-8144
5545
81
-3694
1198
-2553
-2141
-3671
5557
2289
-173
-4683
-9179
-9622
-8226
2121
-5874
-5635
-2146
-3928
9116
8821
-1317
-4701
-3412
6023
9800
-2435
-3295
-203
-1945
6898
5981
-1547
-752
-8617
2442
-4718
5621
3269
503
-6196
-7492
-2192
5740
6883
-873
-132
-4650
-7143
6417
7924
6852
2263
-4570
625
-3051
-3831
-5287
-6560
2930
8014
-1089
-1783
2553
-4526
-3198
-6835
953
-7427
5060
-9432
-6268
3016
-7681
2078
1985
-8243
2615
7611
-4766
5610
-7448
466
2293
-5667
3203
-9558
-5474
466
1496
122
261
-4259
1042
-6480
7149
-6392
-4534
-3433
-8762
8465
-296
3066
2754
7726
-4250
-5916
942
-3724
-7226
-1911
-5191
-7818
-6994
-6646
-6408
9393
-1191
822
-6866
-4345
-4659
-9779
-2651
-5846
4650
394
1793
508
-8460
-8480
6168
-1931
6874
-3005
-2309
-9146
2229
329
-3175
-1253
-529
2674
-2908
-9979
7463
-7675
-4430
6074
79
-6306
-1429
-9165
6083
-8634
6743
-2369
-3509
5058
-7809
5114
4264
-5969
5911
-1997
-7856
-8949
-3817
5976
4761
2327
9451
-4849
-6411
7964
-3988
3394
1949
-9108
-7953
-8258
337
-1015
316
-7011
-6274
-2741
-4477
-5182
6050
3424
4331
-7449
-2485
653
9003
-6381
2118
859
-2149
-6517
4822
437
-1300
-5963
1507
-8050
5784
-16
5431
1411
-2027
2504
-541
-1985
-8466
6989
-4314
2149
-3629
3102
2130
1097
2351
299
-7419
1248
-5956
-2695
-2815
6202
466
-8343
2998
-4436
-2715
7158
-9374
2322
-1232
-5701
-1250
-8748
-6101
-9569
5584
1801
-1564
4523
-4280
827
-5201
1367
-3737
-4919
-396
-1810
2625
-6542
-1998
-879
-1240
-3440
-3453
3897
-2719
1922
9053
-4999
439
-9072
2076
-8502
-7080
1098
-5093
170
638
5519
-151
7934
6054
6934
-5315
-2762
6536
4839
-8575
8411
-1786
-6230
-2092
-3838
-9018
5575
-4937
-1278
3070
1507
-7621
-441
-5140
-7922
-733
9094
-1935
-2296
-20
8499
-5194
6808
2117
-8082
5260
9116
-27
-5691
-7941
6762
2366
3799
7324
6450
-9140
-5740
2849
9348
-269
9773
404
-4846
-8759
-8440
9898
-8520
-2416
9717
13
8377
-4603
4768
-7938
-5300
-4737
-3707
2080
2102
1907
-9558
203
1402
659
9546
-4663
1838
-7677
7983
-6687
-4624
-349
-9726
1200
-8518
749
3237
9814
-9936
-8216
1118
-1833
963
272
-5702
-8128
691
-3171
-6774
2665
8398
-4374
-7761
-642
-993
-3480
3198
-489
5290
3357
-6598
-4881
-6380
-3028
-3128
-6925
-7582
5010
-4444
-103
-5372
308
-9362
404
3858
-684
-1623
260
436
9739
-1692
-7726
9353
-3661
-4966
-1059
6753
-3386
185
-5490
-6229
-7676
2559
2036
-1801
-776
-6967
9996
-6798
4797
-9011
-6307
-40
-1956
1800
-6290
4298
-9927
5333
-1261
-6246
4431
8413
-893
-5904
6554
2901
-5073
-4023
2354
1059
-7594
-741
-6816
1764
1622
161
-5780
-7126
-3907
-3149
8183
-4790
-1463
-7755
1864
-7819
9709
-2701
-4313
6693
8146
2924
7792
-3398
-3999
-7699
-94
-5819
-6754
478
536
-6809
9911
7042
-7269
-6702
9692
250
7925
-2665
-7086
-7540
-3928
-6303
-4446
-5405
5088
-2754
-9800
-1577
-634
-4509
-7958
7152
3160
2759
438
-7515
-9898
-9579
-8081
-1784
-8996
-7096
1143
8487
-3879
-6288
-9679
-9397
1046
-9227
6641
2437
7736
2363
8597
-181
-9748
-2420
1624
-3457
-2849
-972
7781
9808
-4148
-2583
-5463
-9055
-3555
7436
4460
-8689
-8246
-2189
-7904
2738
-4187
2759
6907
-1413
-9254
9900
-4669
-3033
9744
-1375
838
4886
-3659
-1115
2293
-625
-3785
-4957
-6263
-8813
-5128
3464
-9406
-8245
-1698
9778
-7364
4349
2760
-3827
-1062
-4982
2629
1696
-7197
-9804
-3833
-8987
-17
-7687
-5738
6937
-1824
9224
-2912
-781
-6538
4116
5498
8311
2078
-5951
-8798
-3858
11
-9400
643
-9267
-2457
-1161
-6786
1375
-4756
-1670
1923
-1184
-6545
-581
-5401
1064
-6532
5285
-8174
2187
-1400
3660
4378
7292
1027
-7664
-2163
-7657
461
-7453
-7725
1344
-2870
-9056
1267
-7671
-9769
7687
1523
-847
-6305
-1015
-4283
83
4267
-1128
-3616
6590
-6698
5999
7503
-6464
-2710
1481
-2394
-1367
-2778
625
602
-3379
-9666
-9473
271
-982
935
4031
-9194
-9141
1075
-973
2544
364
-2853
2140
7798
-8738
-37
-1898
-2756
4781
-5598
5122
-2510
-8352
-5719
-5400
-7378
-574
-4476
-1125
-7704
-2338
6936
1535
2756
-1936
9516
-55
-1741
-1413
1473
-377
-5186
-6251
-1370
2431
-6918
-5910
3529
-3653
7651
-7586
1865
6630
5285
-9613
-432
-4305
8956
8206
-9784
-9704
-8514
2421
994
-2262
341
8669
-3330
9320
-5611
-3485
5548
-8538
-2844
406
-2485
-1128
-6211
-962
-1029
-4689
7291
-3081
-110
-4959
-7249
-2111
-3064
-9463
884
-4138
-3177
-8594
2341
-7879
4265
6538
-978
4440
-4697
-9437
-608
-88
-487
699
-695
-6217
-3888
-1746
3268
-1918
-1444
2555
-7700
-219
2853
957
-5416
3794
-3273
124
-6399
3938
-8325
-728
3558
9491
-4945
-7741
5076
-8665
-4272
-6303
2463
-5514
-461
-2355
-5320
-2017
1373
-4852
2168
-832
8340
-6363
-4735
-1333
9771
2754
-1690
-6292
4773
2384
-7415
-6439
6813
-8501
-9497
-6776
-64
-9374
-4304
7670
-1570
-1779
-8838
-1486
-6113
-4924
-3018
-8839
-7875
-9799
-8798
-8256
-4600
2744
3519
-9166
4300
-7882
-1242
1980
7931
-595
8695
-9019
-1086
-8223
-6926
-3710
-6270
-7414
-2710
9642
-4230
8013
4184
708
777
-2839
-9173
426
2900
-9861
7752
-7705
609
-712
-4688
5893
270
6819
-5348
-2779
-5920
2972
303
332
-3468
-8429
6767
7625
-2180
486
5483
5804
-8018
1960
1984
-8714
-2251
-2236
-2718
6938
-5430
9467
-1805
-5025
-5207
-8687
3642
-8664
-9380
-368
-7983
-3216
-2340
1794
-3299
5337
-1606
1189
-7326
4901
-3687
-6402
-2120
2594
-225
-503
-3846
-5267
-9396
-6790
-7840
9746
5419
-9534
-7189
976
-6362
2089
5190
-7451
-8772
2182
2477
1223
3066
-4019
-5306
368
-4898
5954
-8040
61
-127
-6345
3006
-6728
-7336
-8331
5586
5973
-6601
-1545
7726
-6983
3899
-202
-3591
7459
-4448
-6486
-1380
1732
9848
-6132
-2280
-9104
6782
-6369
-5229
-7846
198
-2736
-8617
8251
-7048
1022
-3105
50
-128
-8234
298
-270
-6018
-1854
-76
-6726
-9660
834
-2301
5854
-7265
-4520
6277
8974
-8363
170
7802
-3403
784
-5758
1101
-224
6331
-5701
-9464
-8348
2731
-8712
-6263
-6341
-4738
-844
4848
1168
1224
-606
-549
-2310
-4754
-5909
7155
3562
-7122
-3490
5256
2249
6398
-5656
-9925
-3844
5308
1471
5370
7436
3556
7846
1842
-4348
-4291
-3029
7999
1018
-2662
-715
-5080
-4750
-7746
702
-6552
-6976
992
2331
-849
9486
-4240
-5180
-3668
1885
1336
-4273
-6973
3374
-90
8670
-9820
-2782
-663
-9061
3324
-7329
1115
9220
-7701
-4136
2012
-156
-967
-2619
-2007
-9729
-7257
-1608
7363
1626
2594
1266
-1647
-1681
2267
-6669
1068
4198
-7558
787
-5895
-1114
-7119
-3669
-1454
2693
-6929
5569
7497
-5592
1239
-4646
4302
-7099
240
-2770
-9618
464
-4322
-3674
-1218
6894
-2479
-7486
2486
-6452
2267
-5613
9317
181
2472
-7566
2266
-7906
-5493
-1198
5162
-4472
7539
4238
-1104
-4162
-8601
-3767
-5066
-7228
-1744
-6794
2390
6100
-8492
3414
9850
8065
4037
-3359
7179
7807
-777
741
-7257
-9820
-8203
3861
3188
-335
-1929
-5157
-1132
-4820
-9520
-5455
378
976
-9722
-5168
-3491
-152
-5436
-7546
-4758
-6602
-8525
-339
-5729
1145
-4924
-2504
3541
-5743
-3693
433
-4581
8477
-6999
-3423
525
8197
-2494
8722
5692
2396
-8753
-3377
-1970
-5787
-7109
3668
-3734
598
1779
-3613
-8815
-8962
-3967
-2573
1459
9922
-3590
-6800
-1829
-4244
2074
6624
7756
-4571
5966
834
-6579
-4319
7023
-4645
-5399
9534
-2441
1044
4498
2405
-2067
2077
-1146
3738
-186
2391
6262
-8142
-3448
8658
-5600
-2977
-594
-2159
-8537
-2379
-7405
-9642
-4131
-826
-3831
-6084
9278
-2960
-1015
-5216
-798
3962
4431
-1819
-4847
-1734
7783
1749
-6440
2361
-285
-8949
-2469
-1605
4687
-4048
-8210
92
-4505
7012
-702
-3435
391
2272
4986
6695
-5311
3546
2053
2423
503
-599
-2258
-872
-7520
-5623
-8080
-4727
-7667
-2206
-152
-962
-173
8293
-2449
-8189
-9762
7030
4198
-4386
7244
-2193
-3120
-1003
-5573
-9116
-9495
-16
-94
4483
1196
-4928
-4864
6718
345
1791
-4845
-8052
-2247
-1702
-7605
4909
3520
719
4094
4942
-1803
-5968
-9476
9196
-403
622
-8251
-3941
2142
8252
123
2600
5235
-119
-4205
7454
9948
-8238
-9873
-634
-7161
-6278
-1264
7476
-1675
3609
-3706
-9858
-1147
9363
9293
-1139
6838
5610
1012
7641
-9395
7158
-8291
-3664
6801
-8173
-2356
-2122
1087
2235
-2536
-8076
-7430
2358
-7000
-7670
7395
-4463
7868
6280
-8599
-4535
-2264
-8803
-6301
243
5030
-3348
-8133
4025
4683
-7322
12
-1124
953
-5292
-3630
-7553
-9161
600
-7083
8974
1790
-8371
7120
-8045
-3338
-1516
-879
1160
-5503
2417
-9761
-3243
-9289
-1872
4382
9178
6514
-6351
2700
-3547
8202
6972
-3051
-26
2307
-9549
-2618
-1299
5541
-238
-5313
-4663
4012
-3727
-5627
2577
8769
-4184
2238
-7703
-3832
-8555
1886
70
-7107
579
-6434
-1941
1785
6693
2544
-234
7449
-8928
-6512
9665
-4734
-4591
-901
7170
-8741
-3283
-3934
9875
-2265
-2938
-5566
407
6191
-5328
-6097
-8802
3257
4897
-3889
448
-8833
-1157
1327
2096
-1053
8592
2864
9462
7520
-2115
-8127
-1231
-612
6330
2868
-6939
-507
-7596
297
-3849
-8902
1175
-4338
-4207
2250
-9485
-4084
-8276
-8262
8568
2011
-1201
-3894
5570
-2090
-1260
-8294
-6342
-3852
-3733
2727
-7334
691
-6881
1533
-237
-7238
6816
-1816
3948
-903
9338
-9395
-2707
1907
7075
-520
-3302
9183
-2787
-9580
4228
9703
-3208
5793
-8708
-1798
2585
-7869
-9527
8675
7836
-8938
4095
-1297
4629
6923
995
-586
-2501
4495
2526
-2242
-379
1126
1131
-3657
-1545
9634
-6611
-2451
-4617
944
-4851
4797
1957
9231
6135
-3801
4941
-410
-1942
2213
3219
5270
-5101
2074
-1481
6382
-1482
1711
9404
-2434
9969
-9957
-9503
-3473
-6691
-9599
9363
912
-8587
2271
-3803
-2221
6107
-541
-8482
-2598
-1898
-5631
1493
-948
-4769
5091
3928
-5459
-8770
-1152
-4974
-9203
-4910
-5969
-1780
7456
462
-3940
-8459
110
-214
-8995
-9376
-2037
-520
-9057
-4306
-4535
-2156
1348
-2070
-2261
323
8755
-4297
-4450
-8748
-6108
-4367
-8251
6059
5
-1239
3891
7742
-4389
-3435
-1028
542
-6680
107
9709
-3048
-2834
2761
-7047
-6881
6868
-4008
-7561
-156
-8089
-7728
6892
-1722
-1662
-1184
-7517
2415
-6542
-6296
-2715
3007
-4366
-8952
-5019
3938
-9890
-7716
-6630
166
2278
-376
-4014
9939
5089
-4016
-3805
-1486
5220
6988
8903
8625
-6380
2555
-9278
-4666
-489
-6317
-6684
8219
7955
-9564
2453
-1950
6000
-9643
-1013
-1817
-1187
-916
1122
-9423
2493
-5932
741
-1856
3067
-8094
-13
-5801
-1415
-877
-3809
-8863
2738
-751
-2923
-5555
-4995
5405
-121
-4805
-8497
2285
539
-7715
3239
-9834
5360
8182
7427
-1335
9148
-8026
-1832
-4805
7538
2471
-5116
-5403
-1394
-8935
-8581
1683
-7063
-5858
-8984
-3015
-8049
-3550
-3976
-2079
1301
-6916
-9682
2637
8516
-8072
9662
-8264
7449
-1324
-6250
-1408
-6417
-8629
3679
6369
3837
-5742
-1883
-7710
-9987
-2112
-1646
6199
1675
2066
-8766
92
8856
77
-7119
-4277
-7690
-6876
570
104
-1900
8315
-547
703
5903
-2388
-3394
-5580
-219
8140
-9194
-6801
-2835
-8120
-1403
-9855
-5848
1329
-8572
-4187
-6065
-863
-4509
-8475
-2251
3637
529
-3393
-6766
825
-2247
9163
-2540
-7634
-3026
-586
6970
-5562
-2460
-6896
9542
-7699
-9559
-7091
-4882
-4784
-4052
-4216
7415
2104
1788
-5789
5148
5557
-6920
-5000
-7725
-9438
-8672
-6614
-2767
4902
5620
-486
-8788
-1575
-8779
7362
9731
-7128
4657
-8709
6648
-6534
9183
4965
-9113
115
5284
8225
2642
-2887
3521
95
-9190
-9739
-1851
-7139
-6411
-5059
-4953
3248
4764
-4430
-3822
-2211
5956
418
3072
6284
6096
-7399
-151
-2977
-8668
-8104
-35
443
-3970
-1608
1042
3410
-5343
2847
2585
3771
-7983
-9076
7572
-8385
-6235
4912
-1141
5626
184
-2685
7996
2014
-8029
-8139
-3663
3997
-6423
9285
7737
-6431
275
206
-6863
-7333
9404
-3862
384
-252
7500
911
2350
-9438
2696
-7746
-755
5764
6860
-7969
1813
6033
2385
5061
-4872
-90
1523
-4778
-6061
1627
9754
-7151
-7740
8362
-7860
-2168
-5251
-661
2697
-6291
-5737
-5726
8891
-7499
-9176
4635
-8694
-3370
-2378
-4332
-9392
-7021
367
-9476
-4147
-6468
-7342
1658
-9443
1489
8975
-4687
-2202
-5274
-7146
-7006
-5195
-6838
-8339
403
5965
1899
189
-7984
8534
-5003
6191
5167
-4260
-998
9883
-3081
-9734
-8746
8382
-8765
-3789
659
-5011
8835
-4700
-2165
-821
5573
6488
2316
2742
8755
7067
-4128
-8026
1884
9328
-6995
-1606
9399
-7418
-7399
5737
-2588
-4345
-8013
2527
9270
9235
1008
-8403
846
845
-6895
-6282
-54
4597
-8980
-305
-4834
-8105
-8246
-9364
-6142
-4768
-8178
-2637
-9651
-4262
-872
-4330
7007
1936
1866
-3071
-59
9075
-4758
4783
-3368
5666
1510
-1311
7047
5506
-2660
5297
-4043
7574
5693
-9693
167
1226
-6550
-2658
-3784
-3470
927
-325
-1554
6515
-2729
-5702
7889
2880
2765
4637
-8138
-5912
9924
5199
-1852
-5841
4387
-2555
1906
-8454
4737
-3864
-3536
-2963
6087
-4560
-4507
8987
-6222
-6377
7902
-4300
6521
933
6599
-9725
-8527
-9649
-748
-5253
9326
5606
-7165
-5618
395
7817
-1178
-8704
6381
5823
-262
-6851
-766
-8030
9054
2247
-5681
-3074
-1694
-4720
619
-3204
-2085
-4368
-8475
-4968
8545
1235
46
6458
-2000
-4982
-1006
-6013
-4173
6478
-7481
-2299
-8350
4578
9357
-6345
936
-2670
-4790
1257
-55
7207
-9601
1238
-2618
-6957
-9412
-7560
-7817
-6033
3979
511
-8670
-790
-8267
-4795
-2035
3159
1570
-5893
-116
-7506
-6335
-6294
-6208
-3751
298
-6282
-8032
-1596
1315
-8222
-7717
-393
1153
5021
9271
811
9039
-79
6332
4793
9811
-6688
2549
-3154
2319
1271
4373
614
-795
-3365
-8169
-5385
-7297
-4288
-6198
-2227
-1459
5124
-5682
-5416
7697
-5960
-2791
3585
-3176
-3205
-8930
-2816
2826
6863
-7090
-8588
-5467
6789
-4129
-5908
-9212
-711
-2323
-254
-8061
709
-962
626
-5526
-912
2697
-8472
1311
2695
-4456
-8617
478
-2127
-1043
-1975
-5520
9724
-6811
6363
310
1915
8634
-888
-5688
-1069
-21
-5209
3163
-9549
2494
-5102
-601
-956
7718
-1625
5321
-7005
1185
-5358
-1818
7595
3751
-87
-5486
8598
-3010
-1735
1840
7141
-7887
-1855
-6949
7517
-93
-8673
-2332
5141
-4835
-9911
8670
2509
368
-4835
-8138
7297
-903
6843
325
-6850
8607
-6543
3852
-3308
-6880
-8650
-1068
-7443
-5066
-9445
6209
-2979
-7892
9631
-352
-5637
-9931
-990
-7293
-7312
3970
-8804
-1965
-6835
-2996
-4978
-8039
-1472
-6756
-455
-9465
-9238
-474
-9234
-9098
-6804
-7152
-4761
-1170
-2879
-1126
-5805
5544
-784
-9251
-3720
1904
-5825
-7852
2324
-1811
-8211
541
-6781
-3742
-546
570
1993
7447
4911
5245
1127
-428
5297
-7327
-6958
-8498
-3973
3739
1186
806
-3785
6291
1101
-2608
-3486
-1075
-843
8655
-301
-2195
-414
-2009
-1001
1274
-6965
-1226
-6106
-9374
-3782
-1575
1552
9022
-9233
3192
2777
-3529
-5725
-4291
3208
1609
-8368
198
-6277
-8407
3470
-2817
3581
8066
-6143
-8057
-2533
6692
2161
8348
6579
-5826
-1350
819
-4436
-5271
-9114
-9881
-4562
6282
-1223
2486
-2517
-2030
-7862
5930
-9829
2822
7386
1077
-1616
-8347
-2817
-7298
-279
-9850
7106
5313
2272
-2910
-5973
-2158
5896
-4973
-1864
836
6268
-6470
-9897
5642
-9039
-7960
8299
-3781
-2515
-7785
751
2460
-3010
-4651
-3451
1786
-3870
7502
-5432
9621
-5588
-3999
-1537
3810
9931
2511
-7786
5714
-1504
-7073
-7602
-1233
7131
2910
-46
455
9921
7393
2541
-9812
-6421
-1586
3452
-2052
-6089
9410
-7171
-3364
-7785
4332
9938
-6806
-3759
-8551
-5214
-8780
-2718
2325
4668
-9213
-2205
4750
-6527
-3940
-5231
-4326
-2558
-4855
-6780
8444
-2455
-1070
1416
-5597
-1676
-9838
-4179
-5934
-4472
-4088
153
9800
-5949
6570
9503
1175
6834
64
2192
-3336
-4220
-2993
-5383
6211
-4835
-2634
-7642
1559
-5680
-4586
-2523
-2623
-5049
-7051
1073
-1223
1605
-5244
-3284
6160
4014
9697
7246
-4280
-347
-1992
4828
-7899
-106
-8404
-9219
-8476
4693
-1028
2729
810
2407
7138
5796
-5538
4320
-7913
-1590
2455
-5235
-2979
-2518
8764
-2958
-5794
-937
8609
-3978
-1488
-3714
-9161
3166
894
-4206
2761
-7911
1345
1261
-4640
-5768
5332
-3300
-1881
200
265
304
-9259
-7908
-4428
1915
-5815
-1243
-8111
-8932
-1487
-7930
1638
-1094
-7889
-3414
4384
-3375
-6406
-9768
964
-4918
-7766
5439
8040
-3732
6322
-3562
924
-7654
2727
-855
-1327
3829
-1850
-8499
-299
-7007
-5315
-7403
-196
-9487
4642
-3897
-4701
-4772
6209
-3662
3606
5873
6588
1240
1841
-8920
7379
3731
-2554
-9472
-6046
-7434
4640
4585
-9171
2672
-5274
3641
-5863
-8838
-2111
-412
-6149
2023
4514
-1712
-4842
9472
-1443
-8348
-4546
4276
8443
2658
2114
1963
-6033
-1480
1130
1883
-1467
7027
-2501
-6912
-1211
-7021
-6364
-5720
-6644
2501
-6922
3370
-4095
-5716
-5108
-7167
5741
-9345
534
21
1598
-3557
-2287
-3304
-106
-6127
9398
-8780
-3261
2305
-267
2113
1775
9771
-6877
4925
-1966
-5504
-4331
1364
-2834
-3041
-8190
-3129
-2594
-5696
1560
1964
4709
-632
-4600
6514
-9204
8041
9696
2729
-6769
-7038
1823
5983
-1926
-8022
4450
-7763
-8089
-8976
-6076
-3022
-3373
-9256
292
321
3028
-942
-6966
-4841
3935
-5721
3685
8113
-8623
-2796
-1449
2460
-656
3988
-9645
2635
6929
1632
-4764
-2033
-5163
-5508
8147
-8795
-3111
2377
-4542
1834
-531
6274
349
-1323
2082
164
209
-7356
-3383
716
-1123
-6121
9978
-3737
4008
-2181
5555
-7993
-9741
-1558
-6271
9842
-3120
2577
-2046
-5793
-1293
-270
6156
-7391
-855
1293
-8950
-8026
-6939
2327
-4092
7134
9891
-1515
1705
-2474
-9178
-5307
-4823
-1395
-2812
6234
-1606
-2776
7750
8844
7880
-5891
3689
4428
-3768
120
-9911
-3108
-9336
2592
-5602
-8096
-720
8910
3430
-1071
-6879
7848
6629
5523
-9436
-8436
-9014
518
1444
-7155
436
-3905
-6352
-3361
1717
-5704
6829
6447
2296
-9882
9132
341
9565
-5395
2868
1451
-5206
1135
-1114
-4449
-3001
7275
-1694
-8792
-864
1347
-7548
-3978
-3088
5215
6451
8623
-6975
-7759
-2245
-2572
-8405
-842
2298
-7350
3491
-4536
-9832
-8552
-584
3145
-1574
-661
5303
5664
-3047
2244
-143
-1013
-9684
-7320
285
-8303
-3792
-5731
-6078
9945
9376
-3400
9455
8729
-3259
5874
1194
9554
-5259
-7688
-5004
-5573
9044
-3636
-6464
89
31
1899
6122
-3079
-3253
2274
-3061
-1478
-8791
-2319
-7356
-4639
1327
-5686
-1052
1467
-1870
-4300
-9912
3296
52
-8803
-1728
-4498
6119
7748
-5774
-5980
9512
-4582
831
-4152
815
-5906
1612
-2746
2825
-4732
957
3168
-2686
3721
-4291
3744
6889
-5661
-1598
6608
-5105
-1366
-2249
8428
-1583
30
497
-5673
-5642
594
-4476
6639
5980
-8121
3518
-804
-6290
9152
294
-9012
-4073
3793
-2066
3045
926
-8968
-1330
8529
-2904
4399
-2461
-9443
-7709
6370
4959
295
-8477
-7425
2247
8948
-1106
-4787
4630
-7807
-2026
-4643
2657
-1028
7623
-4217
384
-8331
-9152
-4945
1674
-6128
1379
-827
-5121
-7682
-5966
-807
7693
-8661
-4494
-6333
-4373
-2952
-6892
-9722
2281
-4886
7893
8058
2508
-5725
4610
5637
1555
-3149
7424
2028
2560
9289
-1429
-6329
-2412
-8565
-4324
-2340
1852
-7536
-7855
3591
-4792
-191
-5369
-3690
-3870
-6714
-5205
-6310
-5632
-5820
-8974
5539
-5714
5694
-4346
-92
2364
-7130
-7743
-8587
-6640
3054
-3106
3364
-6664
-2881
-6608
-4671
-7672
2764
-9014
-5662
-256
-5878
-7671
-1662
-2995
-7173
-1138
-4762
-1646
328
-530
624
9256
1240
-6776
4
-4988
7134
-2763
8494
-5448
1388
-4027
-9206
-4581
-2096
7302
9280
-2321
7935
-4760
-1647
-200
3564
-5537
-2418
-1518
8702
1640
-2478
-5368
-4960
368
7304
-835
6620
4563
-7604
1040
-189
-8255
-8390
-2402
1932
2148
34
-1880
841
-1081
-2371
4503
-7029
-5295
-5572
-3877
-9747
8402
7366
-7813
-2377
-9888
-6686
-8628
-9069
-3165
7828
7161
-4947
9262
-6268
-1300
2204
-6100
7366
-180
-6760
-9721
1493
-5436
-1425
-1508
-7712
-9210
-6211
-1233
-8468
8306
-3623
-2518
334
-7791
-8946
-3617
1731
1123
682
-8213
-1766
-1150
-9320
-7968
-234
3390
147
5027
-3851
-695
-3084
-3054
8524
121
-8945
3306
660
-8534
-4484
232
-2262
-3518
-3049
-7922
-8144
2328
-3093
-2326
-2408
-6858
2571
-8654
-9946
-3233
-380
8242
-3576
-7250
-2160
-6519
-6156
-3
7180
-7218
-8116
1774
-5109
-6149
-8831
-3324
-1971
-8507
-3174
-5900
-1877
-6999
3861
-2277
-458
3563
2062
1070
-5057
3136
6908
-5158
-2793
75
-5724
3269
-2152
-3640
-4344
8306
-1468
-6458
-5793
-5717
-4304
-648
-8436
2433
-645
-2706
-1080
-4847
7811
863
-703
-9503
-7465
8746
-7992
-6445
-5491
-9251
2373
9468
-4774
-5162
-5937
-792
4503
-505
-7720
332
-3609
-7137
-4467
-7048
-9788
-3929
-7681
7208
-7731
-6965
4315
6944
-2174
-519
-3392
-4781
-8555
-6962
-9357
5325
-7487
4817
-8948
-6040
-5323
3255
8403
5380
6034
-8080
2672
-9193
8158
-3262
542
-834
8016
-9295
-2303
-832
-1237
6467
-9285
-2680
-5484
1409
793
-2151
2748
1377
-3117
-8350
-3139
-830
-363
5805
5776
-9895
-5450
5438
-2029
-4758
-7660
-4776
-9556
1814
4089
2085
-8488
-3010
-7014
-9359
4510
-2305
-6771
-5324
8125
703
-7660
-424
430
-8951
8754
-6118
4463
-3619
4778
-7827
-4814
3586
7172
-9187
-5793
1500
7822
2169
-3683
-1212
-7099
9716
-4055
-8138
-8268
3651
9932
-8057
-6690
-983
-9336
5689
-8937
7453
-3368
-2767
1687
-4383
-3878
-1180
-3086
9939
-1211
-1285
-1662
-6516
-4062
4239
-8860
2691
-4710
1780
-1650
5075
9386
-7936
1270
-8386
-867
-7677
883
-175
-1956
7895
-7733
-3477
3776
221
-4245
4827
-7287
-6236
278
-5402
1680
1164
-2473
4272
2721
-1494
-1886
-9703
-8377
4496
-5257
-2742
5505
-7995
2725
3179
-7332
-5702
-7787
5429
-6528
354
-486
462
-7571
-7338
1206
-8271
705
-6176
7357
9646
5404
8956
-6675
9010
-5818
-4682
-1651
-2871
-6737
-8710
2733
8673
-9193
-6867
-50
-1616
-1393
-1546
6506
-2534
-7009
-2397
-9846
8172
680
-442
159
-1845
1103
-3482
-8337
-2797
-6512
-7531
-2739
-390
-4455
-36
9709
-9450
-2632
-6655
-1324
9505
-8139
-7135
3350
-5801
-4068
-2274
2077
-1879
-1761
2911
-4668
-52
-8005
-3436
-7857
-4589
-8427
-8072
7734
9087
-1326
-7267
-7268
-4237
-2369
-6302
-1686
-3443
-9685
5256
5271
-3984
6369
-4346
-2875
-2711
79
-4294
179
-9878
-3545
8289
1681
-6984
-4343
-8314
-5906
-8051
-8447
578
-8872
6807
-8145
-9635
550
8768
-8670
-718
-3155
-3630
-5071
8442
923
-7750
6564
3623
8196
4011
-6003
-4432
1174
2278
-5056
-5520
2390
-5703
-6433
-7479
-5180
5701
4375
4492
-8802
-3963
-3030
3869
-1073
-7829
363
978
6238
-4627
3250
2205
-9622
-6143
3047
-1301
-9957
2118
-1216
-1622
-4401
-8829
6611
-3501
-1093
404
-4861
-9921
6071
-6559
7904
-36
5551
-7856
-3890
-8667
-9281
5598
1282
-981
-4315
-9654
9300
-9030
1325
5971
-752
-1223
9937
1826
3055
-7982
-1372
6700
4422
5331
939
-654
-6530
-5036
-1296
5257
-1629
-741
52
7424
-6655
-5733
-9342
1983
1772
-4860
936
-1172
-9217
-2953
6089
5333
-8567
-9510
-2131
-8023
-895
-6677
-4387
-7929
-286
696
-8019
1594
-3594
2895
985
-987
-7926
-3857
7124
-1667
1965
8235
9180
-5194
-8716
-7418
-6766
-1313
-5378
-3199
1639
-3538
1464
-5259
-2373
2176
-4320
417
-1757
-3429
-8881
-3415
-3447
-3752
-4525
-5290
-1416
-6881
-9091
355
-5320
-1743
-8296
-7782
-9704
-9141
-9598
-2214
-9624
1319
2485
-4454
-3182
9960
-8730
2868
-448
7889
3507
2076
-6082
-8270
-4361
-9809
-7035
-6833
-1345
3606
1815
-2404
-4863
3135
-2808
-4192
1516
4785
6491
-9755
5308
-3003
-7115
-8784
1424
-113
-3826
-8566
-4387
6014
9476
-5725
2530
-574
1909
692
-4130
-7020
2252
-4692
-4095
-6575
-8838
-2524
6787
9993
-2614
5463
6801
2392
-3409
847
-3285
-5869
-6625
864
-8461
-7388
3364
-1891
384
-1478
-5745
8958
9141
4252
6128
1609
8943
-2084
4772
-6382
-6366
-5165
6222
-1662
-8219
9642
-6519
-3079
-2292
-6153
-3172
3856
-3528
5672
-5586
1377
-8919
-9435
-547
2216
-6756
9009
1771
-1814
-3820
-4847
7896
-8521
3121
-6064
-3626
-9555
-7000
1923
-3240
-8164
3348
-7703
-4213
-3183
-4696
5845
6378
-691
-3511
-1458
5133
-905
282
6775
-2623
2066
-7016
2058
-6306
3440
-8762
1387
-6827
7847
-501
-1286
-536
-2174
-6692
-4407
9952
-9829
-6923
2447
-2663
-9593
2637
4667
-9248
9491
-5721
1165
-4321
-8243
1356
8322
5784
-9017
3994
-9009
-7280
-2409
-7179
-8208
-1906
-3967
6472
-8576
-828
-8037
8615
7404
-7922
-8378
-142
7780
4954
3714
-8031
-5519
-8827
-4474
-5349
-9298
-2768
-438
-5335
-7058
-343
-566
-2038
3399
-2966
-4025
1418
5865
-9333
-5329
3565
-7252
7188
-8482
2191
8501
5131
2245
-6287
-2512
-6281
8618
4781
-2658
-4796
-8146
6316
-8649
1989
1334
-6377
-9275
-3077
1831
-589
-4392
-1388
-7447
-504
2684
3542
1239
-9630
-667
-3781
-6218
989
7916
-2561
1407
-804
-4966
5271
-538
6234
2124
581
7927
-7488
-9488
-2360
-1637
-2977
-3121
-5383
9731
3994
-82
-4012
2051
443
-6314
-459
8225
-687
2098
5
4041
-6054
-200
274
-3744
-8006
-5683
-3262
-5247
3470
-4414
-4788
-7964
2084
-8445
-1566
-5602
-1590
4498
-53
-3064
-5337
-9875
-2346
-479
-372
6490
6129
1429
-4350
7932
535
6207
-788
-2109
-3222
-1685
626
1804
6275
2690
-7151
-4857
-6650
257
2235
-2346
-7592
-951
7776
6262
-2474
-3907
7206
1537
4190
-6458
-5601
-9997
-4592
-7270
-9765
-7541
-6405
-6112
-1378
-652
273
-4180
8142
8868
-1411
1166
-5585
-2204
-2282
-5260
-5297
-4815
-9676
9923
-2907
-7261
-3390
393
-4231
-1809
-1098
-1443
-1442
9318
4125
1787
6758
-1659
-9542
-9612
1524
913
-9584
-5848
1493
-551
1116
6706
-4278
129
-8151
-1819
-7639
-738
9503
3252
2022
6853
-1669
-1960
1805
-7137
-8347
-1298
-3182
3582
-801
1566
1738
5911
-5512
-4061
2650
-1082
8108
8170
7695
7927
615
-8942
2479
-5083
515
-6180
8145
6501
-4482
-2267
7434
9406
-6010
1614
-2105
-166
7797
575
-5822
-4639
-7813
-1653
-2707
-4700
6242
2166
-2987
5880
-4945
-8425
-6172
-4287
-668
2903
2373
8987
-5171
-9024
588
-4980
506
8989
183
-6439
-468
-1293
-8848
2119
-758
2170
-684
-5959
6527
-1044
2844
-4619
-1636
-9610
3310
1134
1440
-8616
-1893
7429
-6691
2314
-2160
-185
-9454
-6019
-4474
-8325
6557
-3197
3574
-2401
1075
-2542
-175
-1296
-6608
-8826
-8171
-7572
-4179
-3706
-1062
-1773
6225
-2840
-3315
-3627
-8984
-4843
511
1958
-5925
-8175
9470
-9998
-874
-1225
2692
-7941
7853
-2110
-2641
-7849
-8923
-7919
9457
2845
-8561
-564
4361
2916
-8912
-8958
6194
-9817
-8249
-2348
-5734
-529
3248
-1769
-2316
6926
-7517
-1866
-7405
1735
-1629
-3688
6352
-6733
-5934
-8576
3274
-8729
-2294
-2663
3960
9299
1131
1267
-5063
-9754
2449
9961
-1942
-905
-2106
-8795
2396
-408
2236
2023
8039
-1308
-5121
4865
-8232
7851
-3744
3623
-3632
-4402
-4107
741
-498
-9701
8235
-5936
77
-3972
7409
-4862
9101
2588
2965
-5182
811
-3986
-4138
-2080
-1667
-3448
-8808
-5976
1115
2354
1398
-1896
7989
774
-1835
-1717
972
-848
5055
-6662
678
-6473
109
-1888
1851
8032
68
3685
3309
9392
-2426
-1003
-6433
-8209
5122
-1776
-5915
819
-3732
-3257
-711
-8257
-5102
2566
-1295
-9182
8588
-1586
-9841
7236
7061
-826
-9352
6534
-4582
-8592
-2779
-6490
-1135
-8000
8769
-3706
1387
-9109
6571
-5050
-8306
-6693
3643
4151
1020
-1237
-7764
497
3096
-1807
-9418
-6587
-5045
-4551
3359
-8112
-4320
-7632
778
-1681
-6344
9194
-4103
2169
-4357
2108
369
1288
-4146
-2263
-8168
-6182
2627
-4248
-8091
-5513
-4652
9211
761
-5612
3667
9089
-7733
-3656
2106
-336
1762
-7812
-7062
-8797
-4952
-9767
-6573
7250
-8517
-2020
-7794
192
-5019
-5283
-9099
9021
5262
-7311
459
-4927
-6992
-7876
-7909
-9473
-7030
-2708
839
3518
-3911
-7485
1218
-9186
-603
-2350
185
1956
-2281
1516
1807
-5326
-2348
-4643
-3086
-3400
-1307
-720
-4440
5833
-2699
-8169
-5718
-9523
-4193
-3056
-5738
-8769
-4667
-2012
-5663
-7793
9127
-7284
6411
268
-5813
-7943
1494
-8770
-3263
5459
6679
1108
-4628
1278
-8085
9672
8506
1092
-3729
-2952
9525
5778
8686
-7435
-7140
6715
-1549
2084
-5612
-7709
-9562
-2720
9372
-5440
9213
-65
5823
696
-5272
-8075
9261
-8462
4400
-3265
-3253
7628
2086
3609
8938
325
-8652
-2384
-9195
-2199
-5192
-65
-6833
-2911
9717
5461
2270
4753
3679
-3916
-3199
-8159
-6979
2272
5128
-7943
-8458
-2731
1667
1588
-9564
-9415
-6055
-1141
-8378
-2157
8191
7804
2045
-2501
-4383
-7325
-713
4279
7714
-9456
-539
-8487
-8822
1428
2386
-8169
-6626
-7589
-1352
-6954
2990
-5565
-916
1251
9547
-2977
-9573
-533
-8033
9862
215
-9568
3679
-531
8723
-7262
-3205
-1619
-4690
-1953
-3303
5739
2028
-9060
-8318
-8425
-2389
8495
-8037
-5227
-8462
-1428
-4104
-677
-1714
-9045
-7827
9916
-5349
734
-5820
2562
8576
196
2036
-3616
-5315
-1783
1711
2697
4326
-443
4000
-4613
3634
-6718
-5587
-8511
-7506
-4093
193
9784
-5449
-1528
399
-5810
-8889
6992
-3665
-8078
-7504
-2184
-8753
2091
-8792
6284
-893
-799
2340
-1701
-3899
-8925
-3959
-4884
8252
-9910
7902
-4141
2836
-6567
5669
-6402
9368
-6583
714
-7084
-1348
-6462
542
3069
-5794
-7413
1823
1923
-7799
-4921
-3593
8604
-5576
6454
-2961
-3807
-1468
8771
6716
-3103
-8235
-1666
3096
3771
-1220
-1590
4023
-3675
-7227
-462
-3369
917
5640
7839
-9415
8121
-8995
-6194
6832
-2424
-6630
-4805
2423
-1540
2265
-5434
-9529
1184
-6828
-2994
8105
5064
6070
8194
-5110
-6276
-1391
1688
1004
-8061
-7085
1596
-9852
-3501
1943
9068
-959
-4756
-2664
8131
1898
8140
9452
-6220
-402
-8680
590
-454
2804
-2431
-2980
-7024
5752
-1590
-8092
-1607
6361
-2557
2584
-5492
-7218
1820
8745
-9077
2682
-5767
978
-2063
-6335
-5538
-8683
-5072
-6728
-776
7972
9209
-6236
-9358
-3424
2522
540
-4275
-5627
-6324
6225
-1809
-7993
-5520
-7537
-40
-1734
-3152
386
7676
-4338
-8788
-1407
301
3460
-8871
-164
-7270
7515
-8544
-2622
-4715
9290
8591
4546
-7015
-7852
-4723
-5174
-662
664
-6226
-2887
2591
9
-1813
5557
-7616
-6720
-9814
9268
-8024
-1715
-8730
6879
-4106
-5999
5129
7358
-541
4179
91
8045
1322
6600
7776
-178
-4338
7382
-3587
-7484
7107
-1379
-5027
-5731
1187
-8463
-7467
-4592
6372
-848
-2492
-3032
-4181
-4022
-9443
1182
2752
-8251
-5911
-1874
-4541
-5692
1093
-1789
2879
-1308
-8652
-4268
1854
-2901
2417
-429
9342
2106
-5054
7331
6019
-8567
3957
9194
1356
1940
-2236
2055
-4470
6257
2590
-218
1454
-5787
-8031
2291
-1533
-5415
1547
3755
-1188
-8343
-1838
503
-2801
5340
7664
-643
-8638
-7721
-1598
6962
-1179
6517
-8750
-6805
-4384
-6702
-8589
-6949
-6704
-5850
4302
-1633
363
-1028
3164
-1739
-4086
-9096
-814
-7571
1290
-4516
-9724
-445
4267
-175
6115
7118
-2662
3135
7720
-7918
-44
-5473
-8907
9402
2442
-9516
409
-3895
-7935
-4394
-7786
2800
1151
1966
-897
-1763
-7839
3913
4100
-3373
3024
-5306
-3217
-2369
-4683
-9742
9618
1034
-790
7031
5082
8171
-2220
-4817
6982
6144
-6033
3584
2686
1788
648
-5917
-6499
-1950
-1201
-795
-46
-4559
8496
-7597
4263
-8318
-9962
-7826
-2786
7731
-5990
-4440
2372
-8837
-3297
-3609
8641
3431
6514
-2578
-6931
-5309
2873
2752
-2327
-7238
-2450
-8807
2156
-740
-3929
6762
9087
-1411
3133
2688
2
-730
8902
-1889
-1864
-3355
-6302
-8904
6466
-2264
-6084
-3527
5285
-7380
-4398
6627
1393
-1810
2382
-3494
-6459
-53
-3497
3297
-9941
6215
1806
-8157
-3091
-4282
-8782
-8010
-8766
-3230
-507
-6177
2086
6656
-9808
8686
-3660
7323
4429
-1868
3406
-8478
-8580
-9835
-1957
-2809
-6503
664
-7274
2521
-2898
-4034
6980
3338
-1845
8955
2563
-9644
-2410
-7713
-5942
7907
-4996
693
5870
6602
-2063
2128
-1213
2201
-6569
-7710
132
-3055
-8261
-913
-7469
-3112
1599
2177
-6363
-6552
1404
-1539
-4967
-7538
7814
-1801
1162
-176
-8752
-7999
-8605
-659
1939
-7063
2263
-6422
1069
-5564
-8748
-3475
1125
999
-5907
1187
-3211
-811
6722
-7353
-5687
-4707
-9348
-6044
1158
2019
8697
-7174
-5978
5280
2088
9697
-1878
3239
-1480
2378
1811
-2394
13
-7060
6184
-7690
3538
1852
6556
846
-108
-9665
-9038
-5581
7598
-8292
-7424
-7373
-7582
-940
-7724
-5670
328
8311
-6666
-4035
-2071
6576
1069
-7146
-5875
-7040
-5021
-5422
7669
9365
-8724
4429
-2206
-5616
-3451
6781
-6368
9803
8347
1773
-5504
-1280
-9363
-5907
1854
-7969
-5166
-7702
7406
-5331
-4389
8857
-4461
-9148
5406
-3082
-9043
-8326
2349
-5132
4216
-2515
-8732
8687
1296
-5040
-1526
-6178
-7079
2193
-42
-9138
-2594
2970
1588
-2030
-455
9935
4132
-5192
-237
-9405
-8737
920
-3956
-8826
7847
2417
-2050
-3488
-1866
-8747
2909
-8739
-3694
-573
6434
1831
-1456
-4649
-8665
2200
973
-8419
372
-8846
-4767
2603
-6884
-1910
-5901
4431
-414
-575
4011
-3579
-1760
-2786
-5202
-1681
-9143
-4362
-2905
7647
5742
-7092
2403
7446
3486
-9351
-9248
4818
9490
-5525
-3736
-2494
3623
-5391
-8712
4703
4461
-4392
-6106
