-9999
-9997
-9997
-9993
-9991
-9991
-9991
-9990
-9988
-9988
-9985
-9983
-9981
-9981
-9977
-9975
-9974
-9974
-9973
-9972
-9972
-9968
-9968
-9967
-9964
-9963
-9962
-9961
-9959
-9958
-9956
-9950
-9949
-9947
-9946
-9946
-9944
-9944
-9943
-9941
-9941
-9939
-9939
-9938
-9938
-9937
-9936
-9933
-9933
-9931
-9927
-9925
-9920
-9920
-9918
-9918
-9916
-9911
-9911
-9910
-9910
-9909
-9900
-9899
-9897
-9895
-9892
-9890
-9890
-9887
-9887
-9884
-9884
-9882
-9877
-9874
-9874
-9873
-9871
-9868
-9867
-9867
-9864
-9864
-9864
-9863
-9863
-9863
-9858
-9857
-9854
-9849
-9848
-9847
-9845
-9844
-9843
-9841
-9839
-9839
-9832
-9830
-9829
-9829
-9828
-9826
-9820
-9819
-9819
-9818
-9813
-9810
-9807
-9807
-9806
-9806
-9805
-9805
-9804
-9804
-9803
-9803
-9798
-9796
-9795
-9794
-9792
-9790
-9787
-9786
-9783
-9782
-9781
-9781
-9780
-9773
-9772
-9771
-9768
-9767
-9765
-9765
-9760
-9759
-9759
-9757
-9757
-9756
-9755
-9754
-9750
-9750
-9750
-9748
-9743
-9743
-9742
-9742
-9741
-9736
-9736
-9734
-9734
-9731
-9731
-9730
-9729
-9725
-9725
-9724
-9722
-9721
-9719
-9718
-9717
-9715
-9714
-9712
-9710
-9709
-9708
-9707
-9706
-9706
-9704
-9700
-9700
-9698
-9698
-9694
-9693
-9693
-9690
-9690
-9689
-9685
-9685
-9684
-9680
-9680
-9674
-9673
-9669
-9665
-9664
-9664
-9663
-9663
-9662
-9662
-9658
-9656
-9652
-9650
-9647
-9646
-9645
-9642
-9640
-9640
-9639
-9637
-9637
-9637
-9635
-9635
-9633
-9632
-9631
-9630
-9630
-9624
-9624
-9624
-9621
-9619
-9618
-9616
-9616
-9615
-9614
-9613
-9613
-9611
-9610
-9608
-9608
-9608
-9607
-9604
-9601
-9601
-9600
-9597
-9597
-9596
-9595
-9593
-9593
-9591
-9583
-9582
-9579
-9578
-9577
-9574
-9573
-9573
-9569
-9567
-9567
-9563
-9558
-9558
-9557
-9557
-9556
-9555
-9555
-9554
-9553
-9551
-9550
-9549
-9548
-9545
-9543
-9543
-9543
-9539
-9539
-9537
-9536
-9535
-9533
-9531
-9529
-9529
-9529
-9528
-9526
-9523
-9522
-9514
-9513
-9508
-9508
-9507
-9507
-9506
-9504
-9504
-9502
-9497
-9497
-9497
-9497
-9490
-9489
-9476
-9475
-9475
-9474
-9472
-9470
-9469
-9465
-9464
-9463
-9461
-9461
-9458
-9456
-9454
-9452
-9451
-9450
-9448
-9447
-9446
-9445
-9444
-9443
-9443
-9443
-9441
-9440
-9439
-9438
-9438
-9436
-9436
-9430
-9429
-9428
-9427
-9427
-9426
-9425
-9423
-9422
-9421
-9418
-9418
-9417
-9416
-9416
-9415
-9414
-9412
-9408
-9405
-9405
-9402
-9398
-9396
-9396
-9393
-9391
-9391
-9390
-9388
-9386
-9381
-9380
-9378
-9378
-9377
-9376
-9372
-9371
-9369
-9367
-9367
-9365
-9364
-9361
-9361
-9361
-9360
-9360
-9357
-9354
-9354
-9354
-9353
-9353
-9352
-9352
-9348
-9345
-9344
-9344
-9343
-9343
-9342
-9342
-9339
-9337
-9336
-9335
-9334
-9321
-9321
-9320
-9319
-9318
-9317
-9317
-9313
-9312
-9311
-9310
-9307
-9307
-9303
-9301
-9297
-9293
-9289
-9288
-9288
-9286
-9283
-9282
-9281
-9279
-9277
-9275
-9267
-9266
-9263
-9261
-9257
-9257
-9255
-9252
-9250
-9250
-9248
-9247
-9245
-9245
-9244
-9240
-9240
-9238
-9237
-9232
-9231
-9231
-9228
-9226
-9224
-9220
-9218
-9217
-9214
-9212
-9212
-9211
-9211
-9208
-9206
-9206
-9204
-9203
-9202
-9198
-9198
-9195
-9195
-9195
-9194
-9192
-9191
-9189
-9188
-9183
-9182
-9179
-9175
-9171
-9171
-9167
-9165
-9165
-9164
-9161
-9157
-9157
-9157
-9153
-9152
-9151
-9149
-9148
-9148
-9147
-9143
-9143
-9142
-9141
-9141
-9141
-9138
-9137
-9136
-9134
-9134
-9128
-9127
-9121
-9120
-9117
-9116
-9116
-9115
-9111
-9111
-9110
-9107
-9104
-9104
-9103
-9098
-9097
-9096
-9096
-9094
-9094
-9087
-9083
-9083
-9082
-9081
-9080
-9075
-9073
-9073
-9072
-9069
-9064
-9063
-9062
-9062
-9060
-9060
-9060
-9060
-9059
-9057
-9054
-9050
-9049
-9048
-9048
-9047
-9045
-9044
-9043
-9042
-9040
-9040
-9039
-9037
-9037
-9033
-9031
-9031
-9029
-9026
-9024
-9024
-9022
-9021
-9018
-9017
-9016
-9015
-9015
-9015
-9015
-9015
-9014
-9013
-9012
-9011
-9011
-9010
-9008
-9007
-9005
-9005
-9005
-9001
-8997
-8990
-8988
-8986
-8986
-8985
-8983
-8983
-8981
-8980
-8977
-8977
-8974
-8973
-8973
-8969
-8968
-8966
-8965
-8964
-8964
-8962
-8962
-8960
-8959
-8958
-8957
-8955
-8955
-8952
-8950
-8950
-8949
-8949
-8949
-8948
-8945
-8945
-8944
-8944
-8937
-8936
-8934
-8930
-8928
-8925
-8924
-8923
-8923
-8923
-8916
-8915
-8913
-8908
-8905
-8905
-8904
-8904
-8903
-8901
-8900
-8898
-8893
-8892
-8891
-8890
-8889
-8888
-8888
-8884
-8884
-8882
-8876
-8872
-8871
-8869
-8868
-8865
-8862
-8860
-8860
-8860
-8859
-8858
-8856
-8855
-8853
-8853
-8851
-8850
-8849
-8849
-8846
-8846
-8843
-8842
-8842
-8840
-8837
-8837
-8837
-8836
-8829
-8829
-8828
-8827
-8827
-8827
-8827
-8826
-8822
-8821
-8815
-8815
-8812
-8812
-8812
-8803
-8801
-8800
-8797
-8797
-8796
-8795
-8795
-8793
-8788
-8786
-8784
-8781
-8779
-8777
-8776
-8776
-8775
-8775
-8774
-8773
-8766
-8765
-8764
-8762
-8760
-8758
-8756
-8756
-8753
-8752
-8744
-8743
-8741
-8740
-8739
-8736
-8735
-8730
-8730
-8729
-8728
-8726
-8723
-8720
-8719
-8718
-8717
-8717
-8715
-8713
-8711
-8709
-8703
-8701
-8700
-8699
-8699
-8698
-8697
-8693
-8693
-8688
-8687
-8686
-8684
-8681
-8677
-8676
-8675
-8670
-8668
-8664
-8662
-8661
-8658
-8657
-8653
-8647
-8646
-8645
-8644
-8644
-8643
-8643
-8643
-8641
-8640
-8640
-8638
-8638
-8634
-8630
-8627
-8625
-8621
-8619
-8618
-8618
-8615
-8615
-8613
-8612
-8612
-8609
-8606
-8604
-8602
-8600
-8599
-8598
-8597
-8596
-8595
-8592
-8592
-8591
-8590
-8587
-8587
-8585
-8583
-8582
-8581
-8580
-8575
-8574
-8573
-8571
-8570
-8568
-8567
-8566
-8565
-8564
-8563
-8563
-8560
-8560
-8559
-8559
-8554
-8552
-8552
-8548
-8548
-8542
-8541
-8536
-8530
-8529
-8528
-8527
-8526
-8524
-8522
-8521
-8520
-8517
-8516
-8514
-8513
-8513
-8512
-8510
-8510
-8507
-8506
-8500
-8498
-8497
-8496
-8496
-8490
-8487
-8487
-8486
-8484
-8482
-8482
-8480
-8479
-8478
-8477
-8475
-8475
-8474
-8470
-8466
-8465
-8461
-8459
-8457
-8457
-8455
-8455
-8455
-8454
-8452
-8450
-8449
-8445
-8444
-8439
-8437
-8436
-8435
-8434
-8433
-8431
-8431
-8429
-8429
-8424
-8421
-8419
-8418
-8417
-8412
-8407
-8407
-8406
-8405
-8404
-8403
-8400
-8400
-8397
-8396
-8396
-8395
-8395
-8392
-8391
-8390
-8388
-8388
-8384
-8379
-8378
-8375
-8374
-8373
-8372
-8372
-8369
-8369
-8367
-8367
-8363
-8362
-8361
-8359
-8359
-8358
-8358
-8357
-8357
-8356
-8353
-8352
-8351
-8350
-8344
-8343
-8341
-8327
-8327
-8326
-8321
-8321
-8318
-8317
-8316
-8316
-8316
-8316
-8315
-8310
-8309
-8308
-8308
-8307
-8306
-8306
-8302
-8302
-8299
-8298
-8294
-8293
-8293
-8290
-8287
-8286
-8286
-8285
-8285
-8284
-8283
-8281
-8280
-8280
-8274
-8272
-8270
-8266
-8265
-8265
-8264
-8263
-8262
-8261
-8260
-8259
-8259
-8258
-8257
-8257
-8256
-8256
-8255
-8253
-8246
-8245
-8245
-8241
-8240
-8239
-8238
-8236
-8236
-8234
-8233
-8232
-8231
-8230
-8219
-8219
-8215
-8214
-8212
-8212
-8212
-8210
-8210
-8210
-8210
-8206
-8205
-8203
-8201
-8201
-8200
-8196
-8193
-8191
-8188
-8185
-8185
-8184
-8180
-8179
-8178
-8178
-8177
-8174
-8173
-8173
-8171
-8170
-8169
-8169
-8169
-8167
-8166
-8165
-8164
-8163
-8163
-8162
-8156
-8156
-8154
-8152
-8150
-8149
-8149
-8147
-8144
-8143
-8142
-8141
-8139
-8137
-8136
-8129
-8128
-8126
-8123
-8119
-8119
-8117
-8117
-8117
-8114
-8113
-8109
-8106
-8103
-8101
-8100
-8099
-8099
-8097
-8095
-8093
-8092
-8090
-8089
-8088
-8087
-8085
-8084
-8083
-8082
-8081
-8080
-8074
-8073
-8068
-8063
-8059
-8056
-8052
-8052
-8048
-8047
-8038
-8036
-8036
-8035
-8031
-8030
-8030
-8028
-8026
-8025
-8022
-8021
-8021
-8018
-8017
-8016
-8016
-8014
-8011
-8011
-8011
-8011
-8009
-8008
-8008
-8006
-8004
-8001
-7998
-7997
-7996
-7992
-7987
-7987
-7981
-7980
-7979
-7978
-7977
-7977
-7975
-7975
-7972
-7971
-7969
-7969
-7969
-7966
-7966
-7965
-7964
-7964
-7963
-7962
-7961
-7959
-7958
-7952
-7952
-7952
-7949
-7945
-7944
-7943
-7942
-7942
-7941
-7940
-7940
-7939
-7938
-7933
-7932
-7930
-7930
-7930
-7929
-7928
-7928
-7925
-7923
-7922
-7920
-7916
-7914
-7912
-7911
-7910
-7910
-7910
-7909
-7904
-7903
-7902
-7900
-7897
-7897
-7896
-7895
-7893
-7892
-7890
-7889
-7887
-7887
-7885
-7885
-7880
-7877
-7877
-7876
-7869
-7868
-7867
-7866
-7864
-7862
-7861
-7861
-7860
-7860
-7860
-7860
-7859
-7858
-7857
-7854
-7854
-7853
-7852
-7849
-7848
-7848
-7848
-7846
-7846
-7846
-7844
-7843
-7842
-7838
-7836
-7835
-7833
-7832
-7829
-7828
-7823
-7822
-7821
-7820
-7818
-7817
-7810
-7809
-7807
-7807
-7797
-7797
-7795
-7791
-7791
-7790
-7789
-7789
-7788
-7784
-7782
-7782
-7773
-7771
-7770
-7770
-7768
-7766
-7765
-7765
-7764
-7764
-7763
-7763
-7761
-7761
-7761
-7760
-7759
-7758
-7757
-7756
-7753
-7753
-7751
-7749
-7746
-7746
-7745
-7743
-7741
-7741
-7741
-7740
-7739
-7739
-7736
-7735
-7734
-7733
-7732
-7732
-7728
-7723
-7722
-7719
-7718
-7718
-7717
-7714
-7712
-7712
-7711
-7710
-7709
-7708
-7707
-7701
-7697
-7697
-7694
-7693
-7686
-7683
-7682
-7681
-7678
-7675
-7671
-7668
-7667
-7667
-7666
-7665
-7665
-7664
-7658
-7656
-7653
-7653
-7652
-7650
-7649
-7647
-7645
-7645
-7645
-7643
-7641
-7641
-7639
-7639
-7638
-7637
-7636
-7635
-7633
-7633
-7631
-7628
-7627
-7626
-7623
-7622
-7620
-7617
-7617
-7612
-7610
-7610
-7603
-7601
-7600
-7599
-7596
-7594
-7592
-7591
-7590
-7589
-7585
-7585
-7585
-7584
-7584
-7579
-7578
-7578
-7575
-7573
-7572
-7571
-7571
-7570
-7569
-7566
-7564
-7563
-7562
-7561
-7560
-7560
-7557
-7554
-7550
-7543
-7542
-7542
-7541
-7541
-7537
-7536
-7535
-7535
-7535
-7534
-7533
-7533
-7533
-7528
-7528
-7525
-7523
-7522
-7521
-7520
-7519
-7517
-7517
-7515
-7514
-7513
-7507
-7505
-7504
-7503
-7500
-7500
-7500
-7499
-7498
-7494
-7488
-7488
-7485
-7480
-7480
-7479
-7476
-7476
-7476
-7475
-7475
-7472
-7470
-7470
-7469
-7468
-7468
-7466
-7463
-7462
-7459
-7454
-7448
-7446
-7446
-7444
-7443
-7440
-7439
-7438
-7435
-7435
-7433
-7432
-7432
-7432
-7430
-7427
-7427
-7427
-7424
-7423
-7420
-7414
-7413
-7413
-7412
-7410
-7408
-7405
-7401
-7396
-7396
-7394
-7389
-7388
-7388
-7382
-7378
-7377
-7377
-7375
-7373
-7373
-7372
-7369
-7366
-7365
-7365
-7362
-7361
-7360
-7359
-7357
-7355
-7353
-7353
-7347
-7347
-7344
-7343
-7340
-7336
-7334
-7333
-7332
-7332
-7329
-7328
-7325
-7324
-7323
-7321
-7320
-7318
-7316
-7315
-7315
-7312
-7308
-7308
-7304
-7303
-7303
-7302
-7301
-7299
-7294
-7294
-7293
-7291
-7291
-7291
-7291
-7289
-7289
-7289
-7288
-7287
-7285
-7285
-7285
-7284
-7282
-7280
-7276
-7275
-7274
-7273
-7272
-7271
-7271
-7267
-7266
-7263
-7263
-7261
-7259
-7258
-7256
-7256
-7254
-7253
-7251
-7250
-7250
-7248
-7248
-7247
-7246
-7246
-7246
-7245
-7243
-7243
-7243
-7241
-7239
-7238
-7237
-7229
-7224
-7223
-7221
-7219
-7217
-7216
-7215
-7214
-7214
-7212
-7210
-7210
-7208
-7206
-7202
-7202
-7199
-7198
-7197
-7195
-7195
-7195
-7195
-7193
-7192
-7191
-7189
-7189
-7186
-7185
-7181
-7179
-7178
-7176
-7176
-7176
-7173
-7173
-7172
-7169
-7169
-7165
-7164
-7163
-7161
-7161
-7160
-7160
-7157
-7155
-7153
-7153
-7152
-7152
-7152
-7150
-7150
-7146
-7145
-7144
-7144
-7142
-7142
-7140
-7140
-7139
-7139
-7138
-7135
-7130
-7127
-7127
-7125
-7124
-7121
-7121
-7119
-7117
-7113
-7111
-7108
-7107
-7107
-7103
-7102
-7096
-7096
-7095
-7093
-7093
-7088
-7087
-7086
-7086
-7084
-7080
-7080
-7079
-7078
-7077
-7076
-7075
-7075
-7075
-7073
-7070
-7068
-7056
-7048
-7048
-7047
-7043
-7043
-7040
-7039
-7035
-7035
-7034
-7033
-7030
-7028
-7026
-7023
-7023
-7019
-7017
-7016
-7016
-7014
-7013
-7013
-7007
-7005
-7005
-7001
-7001
-7000
-6998
-6996
-6992
-6990
-6988
-6982
-6981
-6980
-6980
-6980
-6979
-6976
-6975
-6973
-6972
-6972
-6970
-6967
-6967
-6964
-6960
-6959
-6957
-6957
-6957
-6953
-6951
-6951
-6950
-6950
-6950
-6946
-6945
-6944
-6941
-6941
-6937
-6934
-6934
-6933
-6929
-6929
-6925
-6925
-6923
-6923
-6918
-6914
-6912
-6912
-6912
-6909
-6907
-6906
-6899
-6898
-6892
-6891
-6891
-6890
-6890
-6888
-6886
-6885
-6881
-6880
-6878
-6877
-6875
-6872
-6872
-6871
-6870
-6867
-6865
-6865
-6858
-6858
-6858
-6858
-6856
-6854
-6852
-6846
-6836
-6831
-6828
-6828
-6827
-6822
-6820
-6818
-6818
-6818
-6817
-6816
-6816
-6814
-6812
-6812
-6810
-6809
-6807
-6807
-6806
-6806
-6806
-6805
-6802
-6802
-6802
-6799
-6798
-6796
-6794
-6793
-6793
-6793
-6793
-6793
-6793
-6792
-6792
-6791
-6791
-6790
-6789
-6788
-6785
-6780
-6778
-6773
-6771
-6770
-6769
-6768
-6768
-6767
-6764
-6761
-6760
-6759
-6756
-6756
-6751
-6751
-6750
-6749
-6747
-6740
-6740
-6739
-6737
-6736
-6734
-6732
-6730
-6730
-6729
-6727
-6726
-6723
-6722
-6722
-6719
-6717
-6712
-6712
-6712
-6709
-6707
-6705
-6702
-6702
-6702
-6702
-6699
-6699
-6699
-6698
-6694
-6693
-6689
-6686
-6686
-6686
-6685
-6685
-6681
-6680
-6680
-6680
-6677
-6677
-6677
-6676
-6673
-6666
-6663
-6661
-6661
-6661
-6661
-6660
-6659
-6659
-6659
-6656
-6656
-6654
-6653
-6653
-6651
-6646
-6646
-6645
-6644
-6643
-6642
-6640
-6639
-6639
-6638
-6635
-6632
-6632
-6631
-6628
-6628
-6626
-6625
-6624
-6624
-6624
-6622
-6622
-6619
-6615
-6613
-6611
-6610
-6609
-6608
-6604
-6603
-6603
-6602
-6600
-6598
-6597
-6593
-6593
-6592
-6588
-6586
-6584
-6583
-6581
-6579
-6577
-6576
-6575
-6575
-6571
-6570
-6569
-6568
-6566
-6563
-6559
-6558
-6558
-6555
-6552
-6552
-6550
-6549
-6548
-6548
-6547
-6547
-6545
-6544
-6543
-6541
-6541
-6536
-6533
-6531
-6527
-6525
-6525
-6522
-6521
-6518
-6516
-6515
-6515
-6512
-6509
-6508
-6503
-6501
-6496
-6495
-6495
-6494
-6494
-6493
-6493
-6489
-6488
-6486
-6486
-6485
-6485
-6484
-6483
-6481
-6480
-6479
-6479
-6479
-6477
-6477
-6474
-6473
-6472
-6471
-6471
-6468
-6466
-6466
-6463
-6462
-6458
-6457
-6457
-6451
-6450
-6449
-6445
-6445
-6444
-6442
-6441
-6437
-6435
-6435
-6433
-6431
-6431
-6429
-6425
-6423
-6420
-6418
-6417
-6417
-6416
-6415
-6413
-6413
-6412
-6408
-6408
-6407
-6405
-6403
-6402
-6402
-6401
-6401
-6400
-6390
-6388
-6387
-6387
-6385
-6381
-6377
-6377
-6377
-6376
-6376
-6375
-6374
-6374
-6369
-6368
-6367
-6364
-6363
-6363
-6362
-6361
-6360
-6358
-6356
-6353
-6351
-6350
-6350
-6349
-6349
-6348
-6347
-6343
-6341
-6340
-6339
-6338
-6336
-6336
-6335
-6334
-6332
-6329
-6329
-6326
-6323
-6322
-6320
-6318
-6318
-6317
-6317
-6312
-6312
-6307
-6304
-6301
-6300
-6297
-6296
-6296
-6295
-6291
-6288
-6288
-6288
-6287
-6286
-6285
-6284
-6282
-6281
-6280
-6278
-6278
-6277
-6276
-6274
-6271
-6264
-6264
-6264
-6261
-6261
-6261
-6259
-6258
-6257
-6256
-6252
-6248
-6247
-6245
-6242
-6241
-6237
-6235
-6233
-6233
-6233
-6230
-6226
-6223
-6222
-6220
-6220
-6220
-6219
-6219
-6218
-6217
-6216
-6216
-6216
-6214
-6209
-6209
-6207
-6206
-6202
-6202
-6199
-6198
-6196
-6195
-6194
-6193
-6192
-6188
-6186
-6186
-6184
-6183
-6181
-6180
-6180
-6178
-6177
-6173
-6172
-6172
-6170
-6169
-6165
-6164
-6163
-6162
-6162
-6160
-6160
-6159
-6158
-6158
-6152
-6149
-6148
-6148
-6145
-6141
-6140
-6137
-6137
-6135
-6130
-6129
-6125
-6123
-6123
-6122
-6117
-6116
-6114
-6113
-6112
-6112
-6112
-6109
-6109
-6109
-6107
-6103
-6103
-6096
-6091
-6091
-6090
-6090
-6087
-6085
-6082
-6082
-6082
-6081
-6079
-6076
-6074
-6074
-6069
-6065
-6064
-6060
-6059
-6058
-6057
-6053
-6053
-6053
-6052
-6049
-6048
-6047
-6047
-6047
-6044
-6041
-6041
-6040
-6038
-6038
-6036
-6034
-6032
-6030
-6030
-6028
-6027
-6025
-6024
-6019
-6017
-6014
-6011
-6009
-6006
-6002
-6001
-6001
-5999
-5998
-5998
-5995
-5992
-5990
-5988
-5987
-5984
-5984
-5984
-5983
-5983
-5982
-5980
-5979
-5979
-5978
-5978
-5978
-5974
-5974
-5974
-5974
-5971
-5968
-5966
-5964
-5963
-5962
-5961
-5958
-5957
-5957
-5956
-5954
-5954
-5951
-5944
-5944
-5940
-5936
-5935
-5935
-5934
-5932
-5929
-5929
-5926
-5924
-5922
-5920
-5918
-5914
-5914
-5911
-5908
-5908
-5907
-5907
-5906
-5906
-5905
-5904
-5902
-5902
-5899
-5897
-5896
-5894
-5893
-5889
-5889
-5887
-5883
-5881
-5879
-5878
-5877
-5876
-5876
-5868
-5866
-5865
-5864
-5862
-5862
-5861
-5859
-5858
-5857
-5855
-5854
-5851
-5849
-5846
-5846
-5845
-5845
-5843
-5842
-5838
-5837
-5831
-5831
-5830
-5826
-5823
-5822
-5822
-5821
-5821
-5815
-5814
-5812
-5811
-5810
-5810
-5810
-5809
-5807
-5807
-5805
-5805
-5803
-5801
-5797
-5794
-5792
-5788
-5786
-5785
-5784
-5780
-5777
-5777
-5776
-5776
-5775
-5775
-5774
-5768
-5767
-5763
-5762
-5761
-5757
-5756
-5751
-5751
-5751
-5750
-5748
-5747
-5746
-5745
-5744
-5739
-5735
-5735
-5729
-5729
-5727
-5725
-5724
-5721
-5719
-5717
-5715
-5713
-5710
-5709
-5705
-5700
-5698
-5692
-5692
-5690
-5689
-5682
-5680
-5678
-5675
-5674
-5673
-5672
-5669
-5663
-5663
-5663
-5662
-5661
-5660
-5659
-5655
-5653
-5652
-5649
-5649
-5646
-5646
-5643
-5641
-5633
-5633
-5632
-5629
-5629
-5625
-5624
-5622
-5621
-5621
-5619
-5619
-5617
-5617
-5615
-5615
-5614
-5613
-5612
-5611
-5611
-5609
-5607
-5605
-5604
-5603
-5602
-5601
-5591
-5585
-5581
-5580
-5580
-5576
-5575
-5572
-5571
-5569
-5567
-5566
-5566
-5565
-5564
-5563
-5563
-5562
-5560
-5557
-5555
-5553
-5553
-5553
-5551
-5550
-5548
-5546
-5540
-5539
-5539
-5538
-5538
-5535
-5530
-5529
-5527
-5525
-5524
-5520
-5518
-5518
-5516
-5511
-5507
-5504
-5503
-5498
-5496
-5496
-5495
-5494
-5490
-5488
-5487
-5487
-5485
-5485
-5485
-5485
-5484
-5484
-5481
-5480
-5480
-5478
-5477
-5473
-5471
-5468
-5467
-5467
-5465
-5464
-5463
-5462
-5462
-5461
-5460
-5459
-5459
-5459
-5458
-5456
-5454
-5450
-5449
-5444
-5443
-5442
-5441
-5440
-5437
-5436
-5432
-5431
-5429
-5425
-5425
-5425
-5420
-5420
-5419
-5419
-5417
-5416
-5415
-5413
-5410
-5409
-5400
-5399
-5399
-5398
-5397
-5397
-5397
-5389
-5388
-5387
-5387
-5384
-5383
-5381
-5377
-5376
-5375
-5374
-5372
-5370
-5368
-5367
-5366
-5363
-5358
-5357
-5357
-5355
-5353
-5351
-5342
-5341
-5341
-5339
-5338
-5337
-5333
-5322
-5321
-5316
-5316
-5314
-5312
-5311
-5304
-5302
-5301
-5301
-5300
-5300
-5299
-5298
-5298
-5297
-5296
-5295
-5293
-5292
-5290
-5289
-5286
-5285
-5284
-5282
-5280
-5276
-5273
-5270
-5268
-5267
-5267
-5263
-5263
-5259
-5253
-5250
-5248
-5243
-5243
-5241
-5238
-5237
-5237
-5236
-5236
-5232
-5231
-5231
-5229
-5228
-5224
-5222
-5221
-5219
-5215
-5214
-5211
-5202
-5200
-5195
-5194
-5193
-5192
-5190
-5186
-5180
-5180
-5179
-5177
-5176
-5175
-5173
-5170
-5169
-5168
-5165
-5163
-5162
-5162
-5161
-5161
-5159
-5149
-5148
-5147
-5146
-5146
-5146
-5145
-5141
-5141
-5137
-5135
-5134
-5134
-5131
-5126
-5125
-5125
-5124
-5124
-5124
-5122
-5118
-5117
-5112
-5111
-5110
-5106
-5104
-5104
-5103
-5102
-5101
-5095
-5092
-5092
-5092
-5091
-5091
-5090
-5082
-5082
-5081
-5079
-5079
-5076
-5074
-5074
-5069
-5066
-5065
-5061
-5058
-5056
-5056
-5054
-5053
-5052
-5045
-5036
-5036
-5035
-5035
-5034
-5034
-5033
-5032
-5032
-5030
-5029
-5028
-5015
-5014
-5013
-5012
-5009
-5008
-5007
-5003
-5001
-4998
-4995
-4994
-4994
-4992
-4987
-4986
-4984
-4984
-4983
-4982
-4982
-4981
-4981
-4981
-4976
-4975
-4974
-4972
-4968
-4968
-4967
-4964
-4963
-4963
-4959
-4955
-4955
-4952
-4951
-4949
-4945
-4944
-4943
-4938
-4938
-4937
-4936
-4935
-4934
-4931
-4930
-4930
-4929
-4929
-4927
-4926
-4917
-4915
-4915
-4915
-4914
-4908
-4908
-4907
-4905
-4902
-4902
-4899
-4895
-4895
-4895
-4892
-4890
-4888
-4885
-4885
-4880
-4880
-4879
-4878
-4877
-4875
-4874
-4871
-4870
-4870
-4868
-4863
-4859
-4859
-4856
-4851
-4850
-4847
-4847
-4845
-4843
-4835
-4834
-4833
-4833
-4831
-4830
-4829
-4829
-4827
-4825
-4821
-4818
-4818
-4817
-4816
-4814
-4814
-4814
-4810
-4809
-4808
-4807
-4806
-4801
-4801
-4799
-4798
-4797
-4797
-4797
-4797
-4795
-4790
-4790
-4790
-4789
-4788
-4778
-4777
-4775
-4774
-4774
-4774
-4773
-4773
-4772
-4771
-4770
-4770
-4767
-4766
-4762
-4760
-4759
-4755
-4755
-4750
-4742
-4742
-4739
-4738
-4736
-4735
-4732
-4729
-4727
-4727
-4725
-4724
-4720
-4720
-4719
-4718
-4717
-4716
-4715
-4713
-4712
-4710
-4700
-4697
-4695
-4693
-4693
-4690
-4690
-4686
-4681
-4680
-4679
-4678
-4678
-4677
-4677
-4675
-4670
-4667
-4666
-4662
-4662
-4660
-4659
-4657
-4655
-4655
-4655
-4654
-4654
-4653
-4652
-4649
-4649
-4649
-4643
-4642
-4642
-4639
-4634
-4632
-4632
-4631
-4628
-4628
-4627
-4627
-4624
-4623
-4621
-4621
-4620
-4617
-4616
-4616
-4613
-4610
-4609
-4609
-4608
-4605
-4605
-4604
-4600
-4595
-4594
-4594
-4593
-4592
-4590
-4589
-4586
-4586
-4586
-4585
-4585
-4584
-4575
-4575
-4574
-4573
-4570
-4570
-4570
-4570
-4568
-4565
-4563
-4563
-4562
-4561
-4560
-4553
-4552
-4551
-4550
-4548
-4548
-4547
-4546
-4544
-4543
-4540
-4539
-4538
-4537
-4535
-4534
-4534
-4531
-4530
-4526
-4526
-4525
-4523
-4521
-4520
-4519
-4519
-4517
-4512
-4511
-4508
-4508
-4504
-4502
-4501
-4500
-4495
-4495
-4492
-4490
-4487
-4486
-4483
-4483
-4481
-4479
-4477
-4477
-4476
-4476
-4475
-4470
-4469
-4465
-4465
-4463
-4462
-4462
-4461
-4461
-4458
-4456
-4456
-4454
-4453
-4452
-4452
-4451
-4451
-4445
-4444
-4442
-4434
-4433
-4432
-4431
-4429
-4427
-4427
-4425
-4424
-4423
-4420
-4418
-4417
-4416
-4416
-4411
-4411
-4410
-4410
-4408
-4406
-4406
-4401
-4400
-4400
-4397
-4397
-4397
-4395
-4394
-4392
-4390
-4390
-4386
-4385
-4382
-4382
-4376
-4375
-4375
-4374
-4373
-4372
-4370
-4370
-4369
-4369
-4368
-4367
-4367
-4367
-4366
-4365
-4365
-4364
-4363
-4361
-4360
-4359
-4357
-4350
-4349
-4348
-4348
-4343
-4340
-4338
-4337
-4333
-4331
-4330
-4329
-4328
-4327
-4326
-4324
-4322
-4320
-4318
-4313
-4312
-4312
-4310
-4309
-4305
-4305
-4302
-4301
-4300
-4300
-4299
-4297
-4292
-4289
-4286
-4283
-4283
-4283
-4282
-4278
-4275
-4274
-4269
-4268
-4267
-4263
-4262
-4260
-4259
-4257
-4256
-4256
-4254
-4254
-4253
-4252
-4252
-4252
-4250
-4248
-4248
-4248
-4247
-4246
-4246
-4244
-4242
-4241
-4240
-4238
-4232
-4226
-4225
-4224
-4224
-4224
-4218
-4217
-4211
-4210
-4209
-4204
-4202
-4198
-4197
-4196
-4194
-4192
-4191
-4190
-4188
-4185
-4184
-4184
-4183
-4181
-4176
-4176
-4174
-4173
-4172
-4170
-4168
-4167
-4166
-4165
-4163
-4161
-4160
-4159
-4159
-4157
-4154
-4154
-4153
-4152
-4151
-4147
-4147
-4146
-4144
-4143
-4141
-4140
-4136
-4133
-4127
-4125
-4124
-4124
-4123
-4123
-4121
-4120
-4119
-4119
-4116
-4115
-4115
-4107
-4106
-4106
-4106
-4104
-4101
-4101
-4100
-4100
-4099
-4096
-4094
-4092
-4090
-4088
-4087
-4086
-4085
-4085
-4084
-4080
-4078
-4075
-4074
-4074
-4073
-4072
-4070
-4069
-4066
-4062
-4061
-4061
-4061
-4061
-4057
-4057
-4055
-4054
-4052
-4052
-4046
-4044
-4043
-4036
-4036
-4033
-4029
-4027
-4026
-4010
-4008
-4008
-4005
-4004
-4004
-4003
-4003
-4002
-4002
-4001
-3999
-3998
-3995
-3989
-3988
-3987
-3986
-3984
-3981
-3976
-3971
-3971
-3969
-3968
-3961
-3957
-3956
-3955
-3954
-3954
-3952
-3952
-3949
-3943
-3938
-3932
-3928
-3925
-3924
-3923
-3921
-3917
-3916
-3914
-3913
-3913
-3911
-3909
-3909
-3908
-3907
-3905
-3905
-3903
-3901
-3894
-3894
-3892
-3890
-3890
-3889
-3888
-3888
-3887
-3886
-3885
-3884
-3884
-3882
-3881
-3878
-3877
-3875
-3874
-3873
-3872
-3871
-3871
-3870
-3867
-3867
-3865
-3865
-3864
-3864
-3864
-3863
-3862
-3861
-3857
-3857
-3855
-3853
-3852
-3851
-3850
-3850
-3848
-3848
-3845
-3844
-3844
-3844
-3843
-3842
-3841
-3839
-3836
-3835
-3833
-3831
-3826
-3819
-3819
-3818
-3817
-3816
-3814
-3814
-3814
-3814
-3812
-3810
-3810
-3808
-3807
-3805
-3803
-3803
-3803
-3802
-3802
-3801
-3800
-3799
-3798
-3795
-3795
-3791
-3790
-3788
-3787
-3786
-3785
-3785
-3785
-3783
-3782
-3781
-3779
-3779
-3778
-3777
-3766
-3766
-3763
-3762
-3762
-3762
-3760
-3760
-3759
-3758
-3757
-3751
-3750
-3748
-3746
-3743
-3742
-3742
-3740
-3733
-3732
-3730
-3729
-3728
-3726
-3725
-3725
-3724
-3723
-3723
-3721
-3721
-3719
-3719
-3718
-3717
-3715
-3714
-3713
-3712
-3711
-3711
-3711
-3710
-3708
-3704
-3699
-3698
-3696
-3694
-3694
-3693
-3692
-3692
-3691
-3690
-3689
-3686
-3683
-3682
-3681
-3680
-3680
-3680
-3679
-3676
-3675
-3674
-3672
-3671
-3671
-3671
-3670
-3668
-3668
-3667
-3663
-3662
-3662
-3661
-3656
-3653
-3653
-3650
-3649
-3649
-3649
-3648
-3647
-3647
-3645
-3643
-3642
-3642
-3642
-3639
-3639
-3639
-3637
-3637
-3637
-3636
-3636
-3634
-3634
-3632
-3631
-3631
-3630
-3626
-3626
-3624
-3623
-3623
-3619
-3618
-3614
-3613
-3612
-3612
-3611
-3610
-3608
-3607
-3605
-3604
-3603
-3602
-3601
-3601
-3600
-3600
-3599
-3598
-3596
-3595
-3595
-3594
-3592
-3590
-3589
-3587
-3586
-3586
-3585
-3583
-3583
-3576
-3576
-3576
-3574
-3573
-3573
-3572
-3572
-3572
-3570
-3568
-3564
-3564
-3563
-3563
-3562
-3561
-3559
-3559
-3558
-3557
-3553
-3549
-3549
-3549
-3549
-3548
-3548
-3546
-3543
-3543
-3543
-3542
-3539
-3539
-3539
-3538
-3538
-3538
-3534
-3533
-3531
-3526
-3523
-3522
-3522
-3521
-3519
-3516
-3512
-3511
-3510
-3509
-3509
-3508
-3502
-3499
-3498
-3496
-3493
-3492
-3492
-3490
-3490
-3490
-3489
-3485
-3484
-3479
-3476
-3474
-3473
-3472
-3471
-3468
-3468
-3468
-3466
-3465
-3456
-3453
-3452
-3451
-3451
-3451
-3450
-3449
-3449
-3448
-3448
-3443
-3443
-3442
-3437
-3434
-3428
-3427
-3425
-3424
-3422
-3421
-3419
-3418
-3417
-3416
-3415
-3412
-3411
-3411
-3409
-3405
-3404
-3404
-3403
-3402
-3399
-3395
-3395
-3394
-3392
-3392
-3389
-3388
-3388
-3387
-3385
-3385
-3383
-3383
-3382
-3381
-3379
-3379
-3378
-3378
-3377
-3374
-3372
-3372
-3371
-3371
-3368
-3368
-3368
-3367
-3366
-3366
-3364
-3362
-3362
-3362
-3361
-3360
-3359
-3358
-3358
-3357
-3357
-3356
-3354
-3353
-3352
-3351
-3350
-3345
-3345
-3344
-3341
-3341
-3340
-3340
-3320
-3320
-3319
-3317
-3317
-3315
-3314
-3313
-3312
-3309
-3306
-3303
-3303
-3301
-3301
-3295
-3285
-3284
-3284
-3282
-3282
-3279
-3278
-3277
-3276
-3274
-3273
-3273
-3272
-3270
-3266
-3264
-3260
-3260
-3257
-3257
-3254
-3253
-3253
-3253
-3248
-3248
-3247
-3246
-3244
-3243
-3241
-3235
-3235
-3234
-3233
-3233
-3232
-3231
-3230
-3229
-3229
-3226
-3221
-3218
-3215
-3215
-3214
-3211
-3208
-3206
-3198
-3196
-3195
-3194
-3192
-3192
-3191
-3191
-3190
-3188
-3184
-3180
-3179
-3178
-3176
-3176
-3173
-3172
-3166
-3164
-3160
-3159
-3155
-3155
-3155
-3153
-3152
-3148
-3147
-3145
-3144
-3142
-3140
-3138
-3135
-3127
-3125
-3124
-3124
-3122
-3120
-3120
-3119
-3118
-3117
-3116
-3115
-3114
-3111
-3108
-3101
-3098
-3096
-3094
-3093
-3091
-3089
-3085
-3079
-3078
-3075
-3070
-3070
-3070
-3069
-3068
-3067
-3064
-3058
-3058
-3058
-3057
-3057
-3055
-3054
-3052
-3052
-3051
-3051
-3051
-3050
-3046
-3041
-3039
-3039
-3033
-3029
-3026
-3024
-3023
-3021
-3019
-3017
-3016
-3012
-3011
-3005
-3005
-3001
-2998
-2997
-2996
-2991
-2991
-2990
-2990
-2987
-2986
-2983
-2981
-2979
-2978
-2978
-2976
-2976
-2976
-2976
-2974
-2973
-2973
-2972
-2971
-2969
-2969
-2967
-2965
-2964
-2963
-2962
-2961
-2955
-2952
-2951
-2950
-2948
-2946
-2944
-2944
-2943
-2940
-2940
-2936
-2934
-2934
-2933
-2932
-2929
-2928
-2927
-2921
-2919
-2918
-2917
-2917
-2914
-2913
-2913
-2909
-2909
-2906
-2902
-2901
-2900
-2899
-2899
-2896
-2889
-2888
-2885
-2885
-2884
-2878
-2878
-2877
-2871
-2868
-2866
-2865
-2863
-2862
-2861
-2860
-2860
-2860
-2856
-2853
-2853
-2851
-2851
-2851
-2849
-2848
-2847
-2847
-2844
-2842
-2841
-2841
-2838
-2838
-2836
-2836
-2833
-2832
-2828
-2827
-2825
-2825
-2823
-2818
-2816
-2815
-2814
-2814
-2814
-2813
-2813
-2811
-2809
-2805
-2805
-2805
-2800
-2799
-2798
-2797
-2797
-2795
-2792
-2791
-2787
-2785
-2784
-2783
-2783
-2782
-2779
-2777
-2777
-2776
-2775
-2775
-2775
-2774
-2772
-2770
-2768
-2768
-2768
-2767
-2765
-2765
-2761
-2761
-2758
-2756
-2755
-2752
-2749
-2749
-2746
-2745
-2745
-2745
-2740
-2739
-2732
-2728
-2727
-2726
-2726
-2724
-2718
-2718
-2717
-2716
-2715
-2712
-2711
-2710
-2710
-2710
-2706
-2705
-2703
-2701
-2701
-2700
-2700
-2698
-2696
-2695
-2695
-2695
-2695
-2694
-2693
-2692
-2691
-2688
-2687
-2686
-2686
-2685
-2684
-2683
-2676
-2675
-2674
-2673
-2671
-2670
-2668
-2668
-2667
-2667
-2667
-2665
-2664
-2662
-2660
-2659
-2659
-2656
-2655
-2654
-2653
-2653
-2653
-2652
-2652
-2649
-2647
-2646
-2646
-2645
-2645
-2642
-2640
-2640
-2639
-2638
-2636
-2635
-2635
-2632
-2632
-2631
-2631
-2629
-2628
-2628
-2625
-2624
-2624
-2624
-2619
-2612
-2611
-2608
-2608
-2606
-2601
-2599
-2597
-2593
-2592
-2587
-2587
-2586
-2586
-2585
-2580
-2578
-2577
-2575
-2573
-2572
-2571
-2566
-2566
-2564
-2563
-2562
-2562
-2561
-2559
-2558
-2554
-2553
-2552
-2551
-2547
-2544
-2543
-2540
-2537
-2535
-2534
-2534
-2533
-2533
-2532
-2528
-2527
-2526
-2525
-2524
-2521
-2520
-2520
-2519
-2519
-2516
-2516
-2515
-2515
-2514
-2514
-2508
-2507
-2501
-2501
-2501
-2496
-2489
-2489
-2488
-2487
-2484
-2483
-2482
-2479
-2474
-2471
-2471
-2470
-2469
-2468
-2460
-2459
-2458
-2456
-2455
-2454
-2453
-2451
-2448
-2447
-2446
-2446
-2440
-2440
-2438
-2437
-2436
-2436
-2434
-2432
-2431
-2427
-2427
-2425
-2424
-2424
-2422
-2420
-2417
-2415
-2414
-2413
-2407
-2403
-2403
-2400
-2396
-2396
-2395
-2395
-2394
-2394
-2393
-2390
-2389
-2383
-2382
-2381
-2375
-2374
-2372
-2370
-2369
-2367
-2365
-2365
-2364
-2360
-2356
-2353
-2351
-2350
-2348
-2347
-2346
-2344
-2340
-2339
-2337
-2335
-2334
-2334
-2324
-2323
-2323
-2321
-2318
-2317
-2317
-2317
-2316
-2315
-2311
-2311
-2310
-2308
-2306
-2305
-2304
-2301
-2301
-2300
-2298
-2297
-2297
-2296
-2296
-2295
-2294
-2294
-2293
-2293
-2293
-2290
-2290
-2289
-2289
-2289
-2287
-2287
-2285
-2284
-2284
-2282
-2282
-2274
-2274
-2273
-2271
-2269
-2268
-2266
-2266
-2265
-2265
-2262
-2261
-2260
-2258
-2258
-2253
-2252
-2249
-2244
-2244
-2242
-2239
-2238
-2238
-2236
-2233
-2233
-2232
-2232
-2230
-2225
-2225
-2224
-2221
-2221
-2220
-2220
-2220
-2215
-2214
-2214
-2212
-2207
-2206
-2205
-2198
-2197
-2195
-2194
-2191
-2191
-2191
-2189
-2189
-2187
-2185
-2183
-2183
-2181
-2180
-2179
-2174
-2169
-2169
-2169
-2168
-2166
-2164
-2163
-2162
-2160
-2160
-2159
-2158
-2156
-2154
-2151
-2150
-2146
-2143
-2142
-2142
-2142
-2141
-2140
-2140
-2140
-2138
-2138
-2133
-2132
-2131
-2128
-2124
-2121
-2118
-2118
-2117
-2113
-2112
-2110
-2106
-2104
-2104
-2103
-2103
-2101
-2101
-2101
-2101
-2100
-2099
-2096
-2095
-2094
-2093
-2090
-2088
-2087
-2087
-2086
-2086
-2084
-2083
-2082
-2082
-2082
-2082
-2079
-2079
-2076
-2075
-2072
-2071
-2066
-2066
-2063
-2062
-2059
-2059
-2057
-2053
-2052
-2051
-2049
-2049
-2047
-2045
-2045
-2043
-2041
-2040
-2039
-2039
-2035
-2034
-2032
-2031
-2031
-2030
-2028
-2028
-2027
-2027
-2023
-2022
-2022
-2019
-2018
-2018
-2016
-2011
-2007
-2005
-2004
-2003
-2002
-2001
-2000
-1999
-1998
-1997
-1996
-1992
-1992
-1991
-1989
-1986
-1986
-1985
-1977
-1976
-1976
-1974
-1974
-1973
-1973
-1970
-1966
-1966
-1965
-1962
-1961
-1959
-1957
-1956
-1955
-1954
-1954
-1954
-1953
-1951
-1951
-1951
-1948
-1947
-1943
-1943
-1943
-1941
-1941
-1940
-1935
-1930
-1930
-1929
-1929
-1927
-1925
-1925
-1923
-1923
-1922
-1911
-1911
-1911
-1911
-1910
-1909
-1907
-1907
-1904
-1903
-1901
-1901
-1898
-1890
-1890
-1889
-1889
-1889
-1888
-1878
-1878
-1877
-1872
-1869
-1869
-1867
-1860
-1857
-1854
-1849
-1848
-1848
-1847
-1847
-1847
-1846
-1845
-1844
-1840
-1839
-1837
-1836
-1836
-1833
-1832
-1831
-1829
-1827
-1825
-1825
-1824
-1824
-1824
-1823
-1821
-1821
-1820
-1816
-1816
-1815
-1814
-1811
-1808
-1807
-1807
-1803
-1803
-1801
-1801
-1800
-1795
-1793
-1792
-1791
-1791
-1790
-1789
-1788
-1786
-1784
-1784
-1781
-1781
-1774
-1774
-1771
-1765
-1765
-1764
-1762
-1762
-1762
-1755
-1753
-1748
-1747
-1746
-1745
-1745
-1745
-1744
-1744
-1742
-1742
-1737
-1736
-1735
-1735
-1732
-1731
-1728
-1727
-1725
-1723
-1719
-1718
-1717
-1717
-1715
-1714
-1714
-1706
-1706
-1705
-1704
-1703
-1703
-1702
-1697
-1694
-1685
-1684
-1683
-1683
-1682
-1682
-1679
-1677
-1677
-1676
-1670
-1670
-1665
-1665
-1662
-1660
-1659
-1652
-1649
-1648
-1648
-1646
-1646
-1643
-1642
-1641
-1641
-1639
-1637
-1635
-1635
-1635
-1633
-1631
-1631
-1631
-1629
-1629
-1627
-1626
-1621
-1621
-1618
-1615
-1614
-1608
-1605
-1603
-1600
-1599
-1598
-1597
-1595
-1595
-1594
-1593
-1593
-1590
-1590
-1588
-1585
-1585
-1583
-1583
-1579
-1579
-1573
-1572
-1570
-1566
-1564
-1563
-1561
-1557
-1556
-1556
-1555
-1552
-1552
-1550
-1548
-1546
-1546
-1542
-1542
-1540
-1540
-1538
-1538
-1536
-1533
-1528
-1528
-1528
-1527
-1527
-1523
-1522
-1522
-1522
-1521
-1520
-1520
-1519
-1517
-1516
-1514
-1509
-1506
-1506
-1504
-1499
-1498
-1497
-1496
-1491
-1490
-1489
-1489
-1487
-1485
-1483
-1480
-1480
-1479
-1479
-1478
-1478
-1477
-1477
-1473
-1469
-1469
-1464
-1464
-1454
-1454
-1452
-1449
-1448
-1447
-1446
-1443
-1443
-1440
-1437
-1436
-1436
-1431
-1431
-1429
-1423
-1420
-1420
-1416
-1412
-1408
-1403
-1403
-1401
-1401
-1400
-1400
-1398
-1396
-1396
-1394
-1394
-1393
-1391
-1388
-1387
-1386
-1383
-1382
-1382
-1380
-1378
-1377
-1377
-1376
-1375
-1372
-1370
-1370
-1367
-1363
-1360
-1359
-1355
-1355
-1353
-1349
-1349
-1348
-1348
-1348
-1345
-1336
-1335
-1333
-1332
-1331
-1329
-1327
-1326
-1325
-1324
-1323
-1316
-1316
-1313
-1311
-1311
-1309
-1308
-1308
-1308
-1306
-1306
-1303
-1303
-1300
-1299
-1294
-1294
-1293
-1291
-1289
-1289
-1284
-1277
-1277
-1276
-1275
-1275
-1273
-1272
-1271
-1270
-1270
-1266
-1265
-1264
-1261
-1260
-1260
-1259
-1259
-1258
-1258
-1258
-1256
-1256
-1255
-1255
-1253
-1252
-1251
-1250
-1249
-1245
-1244
-1242
-1241
-1239
-1239
-1239
-1239
-1238
-1235
-1235
-1232
-1231
-1225
-1225
-1225
-1223
-1222
-1221
-1219
-1218
-1218
-1216
-1216
-1211
-1211
-1211
-1209
-1208
-1206
-1203
-1202
-1202
-1202
-1201
-1200
-1200
-1199
-1199
-1196
-1193
-1193
-1190
-1188
-1184
-1179
-1177
-1175
-1173
-1171
-1171
-1170
-1170
-1166
-1165
-1165
-1162
-1161
-1158
-1157
-1156
-1152
-1148
-1147
-1147
-1142
-1140
-1139
-1137
-1131
-1130
-1129
-1129
-1128
-1127
-1125
-1124
-1123
-1122
-1121
-1121
-1120
-1114
-1113
-1112
-1110
-1110
-1109
-1109
-1107
-1103
-1103
-1102
-1099
-1097
-1095
-1095
-1094
-1091
-1090
-1090
-1090
-1088
-1088
-1086
-1078
-1074
-1074
-1071
-1071
-1071
-1066
-1063
-1060
-1059
-1058
-1055
-1052
-1051
-1051
-1050
-1044
-1042
-1042
-1041
-1039
-1037
-1033
-1033
-1033
-1032
-1031
-1026
-1021
-1015
-1013
-1013
-1011
-1008
-1007
-1006
-1006
-1005
-1003
-1001
-998
-998
-993
-991
-991
-986
-985
-984
-983
-982
-982
-981
-980
-977
-977
-976
-975
-968
-967
-967
-967
-965
-964
-962
-961
-960
-957
-949
-943
-942
-940
-935
-934
-934
-928
-928
-913
-909
-909
-899
-897
-894
-893
-893
-893
-892
-890
-882
-882
-882
-880
-880
-878
-878
-876
-874
-868
-864
-864
-857
-854
-852
-851
-849
-848
-847
-847
-845
-844
-843
-843
-842
-839
-837
-837
-836
-834
-833
-832
-828
-828
-826
-825
-823
-821
-818
-815
-815
-813
-811
-811
-807
-804
-803
-803
-799
-799
-799
-796
-795
-793
-793
-792
-791
-791
-789
-788
-783
-781
-781
-780
-777
-776
-774
-773
-772
-771
-770
-770
-769
-765
-763
-761
-761
-758
-756
-755
-755
-753
-750
-749
-749
-746
-746
-744
-743
-741
-741
-735
-735
-733
-732
-731
-731
-731
-731
-730
-728
-728
-724
-724
-723
-723
-723
-723
-722
-722
-721
-719
-718
-716
-714
-714
-712
-712
-711
-708
-705
-704
-703
-701
-700
-696
-695
-695
-691
-689
-687
-685
-683
-682
-681
-680
-680
-679
-675
-672
-670
-670
-669
-662
-662
-660
-659
-658
-655
-655
-653
-652
-651
-650
-649
-645
-644
-644
-642
-641
-641
-640
-639
-638
-636
-635
-634
-633
-633
-630
-627
-627
-626
-626
-624
-624
-623
-620
-619
-618
-617
-616
-615
-615
-614
-614
-612
-607
-607
-607
-605
-604
-603
-602
-602
-601
-599
-598
-596
-595
-595
-594
-594
-592
-589
-586
-585
-582
-580
-580
-577
-576
-576
-575
-573
-571
-570
-569
-564
-563
-563
-562
-561
-560
-559
-558
-556
-555
-554
-553
-552
-551
-550
-550
-549
-547
-546
-545
-544
-544
-543
-543
-543
-542
-540
-539
-538
-538
-535
-531
-530
-529
-526
-524
-522
-521
-520
-519
-518
-517
-515
-514
-514
-513
-508
-507
-507
-506
-504
-504
-502
-500
-498
-498
-496
-495
-495
-493
-492
-490
-489
-483
-480
-478
-476
-473
-472
-469
-467
-466
-465
-464
-463
-461
-460
-458
-458
-457
-457
-454
-453
-451
-450
-450
-450
-447
-446
-445
-441
-440
-439
-439
-438
-437
-437
-434
-432
-431
-430
-428
-427
-424
-423
-423
-422
-421
-421
-421
-421
-420
-419
-419
-418
-418
-417
-417
-417
-415
-415
-414
-413
-413
-410
-406
-405
-404
-401
-397
-396
-393
-392
-392
-391
-389
-382
-382
-382
-382
-379
-379
-372
-372
-371
-370
-370
-369
-365
-361
-360
-357
-354
-354
-352
-352
-351
-351
-348
-344
-341
-340
-340
-340
-339
-338
-337
-336
-335
-332
-332
-331
-331
-329
-329
-323
-322
-316
-315
-313
-312
-311
-309
-308
-305
-305
-303
-303
-300
-300
-300
-297
-297
-296
-294
-293
-290
-287
-285
-282
-280
-278
-277
-276
-276
-274
-270
-265
-264
-261
-261
-259
-259
-258
-258
-256
-255
-255
-254
-254
-253
-252
-250
-249
-245
-242
-241
-241
-240
-240
-239
-239
-239
-238
-234
-234
-234
-233
-231
-229
-228
-228
-226
-225
-219
-218
-217
-216
-216
-215
-214
-213
-212
-211
-210
-210
-205
-205
-205
-203
-197
-195
-192
-191
-188
-187
-186
-184
-180
-179
-178
-176
-176
-176
-175
-169
-167
-166
-166
-163
-161
-161
-160
-158
-154
-154
-153
-153
-152
-151
-150
-148
-148
-148
-148
-145
-142
-142
-142
-141
-141
-139
-139
-138
-138
-134
-134
-132
-131
-126
-126
-125
-122
-122
-119
-118
-117
-117
-116
-115
-115
-115
-114
-112
-112
-110
-106
-105
-104
-103
-102
-100
-99
-98
-97
-95
-91
-91
-88
-83
-79
-76
-74
-74
-69
-66
-64
-63
-62
-59
-57
-57
-52
-51
-49
-46
-44
-41
-40
-36
-36
-35
-34
-33
-32
-27
-26
-25
-25
-18
-16
-15
-14
-13
-11
-11
-10
-10
-7
-6
-6
3
4
4
7
12
17
17
19
20
20
21
21
23
28
34
34
36
38
41
41
42
43
43
44
47
49
49
52
53
53
57
60
60
60
61
63
64
64
65
67
68
69
70
70
71
73
77
81
81
82
83
85
85
87
88
93
97
98
100
103
104
108
108
109
109
114
115
116
117
118
119
123
126
129
129
132
132
137
141
141
142
145
145
147
148
148
155
155
157
159
162
162
163
165
165
166
168
170
170
171
172
178
178
180
180
181
182
182
183
183
184
184
184
184
184
185
189
190
192
192
197
201
201
202
204
208
208
210
213
213
214
215
215
217
219
224
224
227
228
228
229
232
233
233
233
234
234
236
236
236
236
236
236
236
237
240
241
242
244
244
247
247
249
251
251
252
253
253
255
257
259
260
261
264
266
267
274
275
279
280
282
282
284
285
287
292
292
293
294
295
296
297
297
297
300
301
301
301
305
305
306
308
308
309
309
313
314
316
319
320
321
322
323
323
324
325
327
330
333
334
337
337
338
339
339
340
346
348
348
352
352
352
354
355
355
356
357
359
361
363
365
366
366
368
370
371
372
374
374
375
375
380
380
382
382
382
383
385
388
388
389
389
390
391
391
393
393
393
395
396
396
397
400
400
400
403
403
407
407
408
408
410
411
412
414
416
417
418
419
419
426
429
429
429
433
440
441
443
445
446
447
447
450
450
453
455
456
456
460
461
463
466
467
469
471
472
478
479
480
482
491
491
493
493
495
496
500
500
500
503
503
509
510
515
519
520
522
523
529
529
529
530
530
532
533
534
534
536
536
539
540
542
543
547
549
550
550
552
553
553
553
556
559
560
562
563
564
567
570
570
571
580
583
584
587
598
600
601
601
601
605
608
610
610
616
618
624
626
627
629
629
630
631
632
633
636
636
636
638
638
640
641
645
653
654
655
661
661
663
663
665
665
670
674
674
676
679
681
686
690
693
694
695
695
696
698
698
698
702
703
706
709
709
710
712
712
713
714
716
720
721
723
725
727
727
727
728
731
735
738
741
741
741
742
743
745
746
746
750
753
753
756
759
760
761
761
762
763
764
764
764
765
765
766
767
770
771
771
772
773
774
774
776
780
781
781
789
791
793
794
795
797
797
798
798
799
799
799
804
805
806
808
808
809
811
811
811
813
814
815
818
819
819
821
822
826
827
829
829
830
835
836
840
845
845
848
849
851
852
853
854
855
855
856
857
858
858
862
863
864
865
871
875
877
878
878
879
881
881
882
884
885
886
888
889
895
895
896
896
896
896
897
898
906
907
910
911
913
914
923
930
937
938
942
947
950
953
956
961
962
963
963
965
966
966
967
971
973
978
978
979
980
982
984
984
986
987
989
989
993
994
995
995
995
998
1000
1001
1001
1004
1004
1006
1006
1006
1007
1010
1010
1012
1013
1015
1015
1019
1021
1024
1025
1026
1028
1030
1030
1031
1033
1033
1035
1035
1040
1041
1042
1047
1049
1050
1051
1052
1054
1054
1055
1064
1065
1067
1068
1069
1080
1082
1083
1084
1087
1088
1091
1092
1094
1095
1097
1098
1100
1100
1102
1104
1108
1112
1113
1113
1118
1118
1120
1122
1124
1125
1125
1126
1127
1128
1130
1131
1135
1136
1139
1140
1140
1142
1145
1147
1149
1151
1154
1154
1156
1158
1159
1159
1163
1163
1168
1173
1174
1175
1177
1177
1178
1179
1181
1181
1182
1182
1184
1185
1186
1190
1190
1193
1194
1199
1199
1204
1205
1207
1207
1208
1209
1210
1217
1217
1218
1218
1220
1222
1224
1224
1227
1228
1230
1234
1235
1235
1236
1236
1236
1237
1240
1242
1242
1242
1243
1243
1243
1243
1245
1246
1247
1247
1249
1253
1253
1254
1254
1254
1255
1255
1255
1256
1260
1264
1266
1267
1267
1270
1271
1277
1277
1278
1281
1281
1283
1286
1287
1289
1295
1303
1306
1308
1310
1311
1311
1312
1312
1316
1318
1319
1320
1320
1320
1323
1324
1325
1326
1330
1337
1338
1346
1352
1353
1353
1354
1355
1356
1357
1360
1361
1363
1367
1371
1375
1375
1377
1377
1377
1378
1379
1380
1381
1384
1388
1390
1392
1393
1396
1397
1402
1403
1404
1404
1405
1407
1407
1410
1411
1413
1416
1418
1419
1420
1422
1427
1429
1429
1429
1434
1436
1437
1442
1442
1443
1443
1443
1447
1453
1453
1454
1455
1456
1456
1459
1460
1461
1462
1462
1462
1462
1463
1464
1464
1465
1468
1469
1469
1471
1473
1475
1476
1476
1482
1482
1485
1485
1485
1485
1485
1488
1488
1488
1490
1491
1492
1494
1495
1499
1499
1502
1506
1507
1508
1508
1509
1509
1511
1514
1515
1517
1520
1523
1524
1527
1527
1527
1528
1531
1533
1533
1537
1538
1541
1542
1542
1542
1543
1549
1549
1552
1553
1554
1555
1557
1557
1561
1562
1562
1564
1565
1566
1571
1571
1573
1575
1576
1577
1582
1582
1583
1584
1586
1586
1595
1596
1597
1601
1604
1604
1605
1606
1606
1606
1608
1608
1610
1611
1611
1613
1614
1614
1617
1618
1618
1623
1626
1626
1628
1629
1630
1632
1633
1634
1634
1639
1642
1645
1646
1648
1650
1652
1653
1653
1653
1656
1657
1658
1659
1661
1663
1663
1663
1663
1665
1668
1669
1678
1683
1684
1685
1685
1688
1689
1689
1690
1690
1692
1694
1694
1694
1696
1696
1697
1699
1699
1699
1702
1705
1705
1706
1707
1709
1710
1712
1712
1713
1713
1714
1715
1717
1720
1723
1723
1724
1728
1728
1728
1730
1733
1740
1740
1740
1741
1742
1742
1743
1744
1747
1748
1749
1750
1754
1757
1760
1762
1763
1764
1767
1769
1769
1769
1774
1775
1777
1783
1784
1784
1785
1787
1789
1789
1790
1791
1794
1799
1800
1807
1808
1810
1812
1815
1815
1816
1819
1820
1821
1822
1823
1825
1826
1827
1830
1830
1830
1831
1831
1833
1834
1835
1835
1836
1837
1838
1838
1840
1845
1848
1853
1854
1855
1859
1861
1861
1864
1864
1866
1866
1872
1872
1872
1873
1875
1876
1876
1880
1882
1882
1883
1884
1884
1886
1887
1887
1888
1891
1893
1898
1902
1903
1903
1904
1904
1906
1906
1912
1916
1916
1916
1917
1918
1918
1918
1918
1919
1920
1923
1924
1924
1926
1927
1928
1928
1931
1932
1933
1933
1934
1935
1935
1936
1936
1938
1938
1939
1940
1941
1943
1944
1945
1947
1948
1950
1952
1954
1955
1955
1956
1956
1956
1958
1958
1958
1959
1961
1964
1967
1968
1969
1971
1976
1978
1981
1987
1989
1992
1995
1996
1996
1998
1998
1999
2004
2004
2005
2006
2011
2012
2013
2016
2016
2017
2018
2018
2018
2023
2024
2024
2026
2029
2034
2036
2040
2043
2044
2044
2045
2051
2053
2057
2059
2062
2067
2067
2067
2068
2073
2076
2076
2077
2077
2077
2082
2083
2085
2086
2087
2089
2090
2090
2092
2092
2095
2098
2101
2102
2108
2108
2108
2110
2110
2111
2111
2112
2113
2114
2114
2120
2121
2121
2124
2125
2126
2136
2137
2138
2140
2140
2141
2145
2149
2154
2155
2156
2157
2159
2160
2160
2162
2163
2165
2167
2170
2171
2172
2175
2176
2178
2178
2180
2184
2184
2184
2186
2189
2190
2191
2192
2194
2195
2196
2197
2198
2202
2205
2205
2206
2207
2208
2208
2208
2208
2208
2210
2211
2212
2212
2213
2213
2215
2221
2221
2224
2226
2226
2226
2228
2232
2232
2235
2236
2237
2239
2239
2244
2253
2253
2254
2255
2256
2258
2264
2267
2267
2268
2269
2269
2270
2271
2273
2274
2274
2275
2277
2278
2282
2283
2284
2285
2285
2288
2290
2293
2296
2298
2298
2298
2301
2301
2302
2303
2304
2305
2306
2306
2311
2312
2314
2315
2315
2319
2322
2322
2323
2323
2324
2324
2326
2328
2329
2330
2332
2333
2335
2336
2336
2337
2338
2339
2342
2346
2349
2350
2350
2351
2353
2354
2359
2359
2362
2363
2368
2371
2371
2373
2375
2375
2381
2382
2383
2384
2385
2385
2388
2389
2390
2390
2391
2394
2397
2399
2399
2399
2401
2405
2407
2408
2411
2411
2413
2413
2414
2416
2416
2417
2418
2419
2419
2421
2422
2423
2425
2430
2433
2434
2434
2435
2436
2436
2442
2444
2446
2446
2447
2450
2451
2454
2454
2455
2457
2457
2459
2461
2461
2465
2466
2467
2472
2473
2474
2474
2476
2479
2479
2481
2485
2489
2489
2492
2493
2493
2494
2497
2503
2504
2505
2505
2506
2506
2515
2515
2518
2522
2523
2526
2528
2533
2534
2534
2539
2540
2540
2545
2546
2547
2548
2549
2551
2552
2552
2557
2566
2567
2568
2569
2570
2572
2574
2574
2575
2576
2576
2577
2581
2581
2581
2582
2583
2590
2591
2592
2592
2600
2603
2605
2606
2607
2608
2608
2609
2610
2611
2612
2613
2614
2617
2618
2619
2620
2622
2623
2624
2624
2624
2624
2625
2626
2626
2626
2627
2628
2629
2636
2639
2640
2640
2641
2641
2642
2642
2644
2648
2652
2652
2653
2653
2657
2658
2661
2662
2662
2663
2664
2665
2665
2666
2667
2668
2671
2671
2672
2673
2676
2676
2676
2678
2681
2685
2685
2686
2690
2691
2692
2696
2702
2704
2706
2707
2708
2708
2710
2714
2715
2716
2718
2718
2721
2723
2726
2727
2727
2727
2728
2729
2729
2732
2732
2734
2735
2735
2737
2741
2743
2748
2751
2751
2752
2756
2759
2761
2763
2764
2765
2769
2769
2774
2775
2781
2781
2786
2789
2795
2798
2803
2809
2813
2814
2816
2819
2822
2827
2832
2836
2837
2838
2839
2839
2844
2847
2847
2848
2849
2854
2855
2862
2871
2871
2873
2878
2887
2888
2890
2892
2893
2896
2900
2902
2909
2910
2911
2911
2912
2915
2924
2925
2931
2935
2937
2950
2956
2959
2959
2965
2972
2975
2987
2993
2994
2996
2997
2998
2998
2999
3001
3001
3002
3004
3004
3008
3011
3011
3012
3015
3019
3022
3023
3023
3024
3025
3026
3029
3029
3031
3032
3033
3034
3035
3039
3039
3040
3050
3051
3053
3054
3057
3061
3062
3066
3075
3079
3081
3088
3097
3104
3112
3113
3114
3114
3117
3126
3127
3127
3134
3134
3135
3137
3138
3145
3146
3151
3161
3161
3165
3169
3169
3171
3175
3176
3181
3182
3187
3189
3189
3190
3193
3194
3200
3204
3205
3208
3209
3211
3215
3217
3217
3221
3224
3226
3234
3245
3249
3263
3276
3278
3282
3288
3288
3289
3289
3289
3291
3297
3300
3306
3308
3311
3311
3318
3322
3322
3327
3329
3330
3333
3343
3343
3344
3345
3348
3350
3357
3358
3359
3359
3369
3372
3376
3380
3388
3393
3393
3394
3395
3397
3399
3400
3404
3405
3408
3410
3413
3413
3416
3417
3419
3421
3430
3430
3430
3437
3441
3447
3449
3449
3451
3453
3460
3463
3466
3468
3468
3472
3475
3476
3476
3480
3486
3487
3488
3489
3495
3497
3499
3500
3502
3502
3503
3504
3505
3512
3516
3516
3518
3520
3527
3528
3537
3545
3546
3548
3549
3549
3551
3552
3555
3556
3557
3561
3563
3564
3574
3583
3584
3585
3589
3591
3600
3601
3601
3603
3607
3610
3611
3612
3614
3616
3616
3617
3620
3620
3623
3629
3633
3635
3638
3639
3641
3643
3649
3651
3655
3656
3663
3666
3670
3670
3671
3677
3678
3679
3679
3684
3685
3685
3687
3692
3697
3711
3712
3716
3722
3724
3724
3725
3726
3737
3737
3738
3745
3754
3759
3764
3765
3766
3767
3767
3771
3779
3779
3780
3782
3786
3792
3793
3795
3795
3795
3796
3796
3805
3818
3822
3824
3826
3830
3831
3832
3837
3838
3838
3844
3848
3854
3855
3856
3858
3874
3878
3879
3883
3886
3886
3887
3889
3892
3893
3896
3897
3901
3903
3910
3915
3915
3918
3921
3922
3923
3924
3930
3934
3935
3936
3941
3943
3951
3951
3954
3956
3964
3968
3969
3970
3977
3981
3983
3989
3992
3995
3995
4000
4000
4003
4010
4010
4010
4013
4021
4025
4027
4030
4031
4041
4042
4042
4045
4050
4052
4053
4059
4063
4073
4081
4082
4092
4092
4097
4100
4111
4114
4116
4116
4121
4121
4122
4122
4125
4134
4138
4143
4145
4153
4160
4164
4168
4169
4169
4175
4185
4189
4191
4193
4197
4199
4200
4202
4202
4206
4207
4211
4212
4215
4216
4216
4217
4220
4225
4227
4227
4229
4242
4252
4253
4254
4257
4263
4271
4272
4277
4279
4279
4282
4285
4291
4293
4294
4297
4298
4299
4304
4305
4306
4309
4311
4311
4327
4328
4329
4331
4332
4334
4336
4337
4341
4343
4344
4346
4347
4351
4357
4361
4362
4363
4364
4365
4373
4374
4385
4386
4388
4391
4392
4395
4395
4397
4401
4402
4404
4407
4421
4422
4424
4425
4428
4431
4446
4446
4446
4447
4448
4453
4462
4463
4471
4473
4474
4475
4475
4476
4488
4494
4498
4499
4502
4509
4514
4518
4522
4539
4539
4540
4540
4541
4546
4550
4556
4557
4560
4561
4562
4563
4567
4573
4576
4576
4577
4578
4580
4581
4586
4586
4588
4594
4594
4597
4599
4600
4604
4604
4604
4608
4611
4611
4616
4617
4617
4617
4620
4622
4623
4627
4628
4628
4628
4635
4637
4640
4643
4644
4647
4652
4657
4659
4660
4660
4670
4683
4686
4689
4691
4691
4697
4699
4701
4701
4706
4709
4714
4716
4718
4719
4723
4727
4732
4738
4749
4749
4758
4769
4769
4776
4776
4776
4776
4777
4782
4783
4786
4787
4787
4790
4795
4805
4808
4810
4810
4811
4811
4814
4819
4819
4825
4828
4830
4832
4833
4834
4837
4838
4840
4844
4847
4850
4850
4856
4859
4864
4868
4874
4882
4882
4889
4889
4892
4893
4896
4904
4904
4906
4907
4911
4912
4919
4933
4933
4939
4948
4949
4951
4953
4955
4958
4962
4964
4964
4966
4970
4973
4980
4990
4991
4995
4997
4998
5001
5006
5007
5007
5009
5010
5010
5013
5015
5018
5019
5026
5032
5041
5047
5047
5047
5048
5050
5055
5056
5061
5069
5074
5082
5083
5089
5089
5091
5095
5102
5103
5107
5113
5113
5118
5124
5124
5128
5132
5138
5138
5158
5159
5162
5164
5173
5174
5174
5175
5183
5183
5192
5201
5201
5207
5218
5227
5230
5236
5242
5244
5254
5257
5266
5270
5271
5274
5274
5275
5276
5276
5292
5299
5299
5301
5303
5306
5307
5310
5312
5313
5313
5316
5318
5319
5321
5334
5336
5337
5342
5353
5353
5355
5363
5369
5375
5380
5383
5384
5395
5395
5407
5411
5417
5422
5424
5426
5426
5427
5430
5439
5439
5443
5451
5457
5464
5473
5474
5476
5480
5482
5486
5488
5500
5500
5505
5506
5507
5507
5515
5516
5518
5520
5520
5522
5524
5527
5532
5545
5546
5548
5549
5549
5555
5558
5561
5561
5562
5565
5572
5582
5583
5583
5593
5593
5600
5601
5605
5610
5617
5619
5625
5626
5626
5628
5630
5631
5634
5640
5642
5643
5649
5654
5656
5657
5660
5671
5674
5678
5684
5685
5696
5697
5701
5714
5721
5721
5722
5723
5725
5729
5730
5739
5742
5750
5754
5759
5759
5761
5763
5768
5768
5770
5772
5773
5775
5775
5776
5781
5782
5792
5792
5796
5798
5799
5801
5804
5805
5809
5818
5819
5820
5823
5836
5838
5850
5856
5858
5859
5862
5866
5870
5875
5877
5881
5883
5884
5887
5887
5887
5888
5891
5900
5907
5911
5914
5918
5918
5924
5927
5929
5935
5941
5941
5951
5953
5954
5956
5959
5965
5966
5968
5972
5978
5980
5990
5992
5993
5993
6012
6014
6015
6018
6019
6022
6023
6023
6035
6036
6039
6041
6048
6050
6051
6052
6057
6058
6058
6068
6070
6074
6082
6082
6083
6086
6094
6097
6098
6101
6111
6113
6117
6121
6121
6122
6122
6126
6127
6127
6128
6132
6134
6135
6136
6139
6143
6143
6144
6145
6147
6151
6151
6156
6157
6158
6158
6160
6167
6168
6171
6180
6183
6187
6187
6196
6196
6196
6197
6209
6209
6213
6216
6217
6221
6233
6233
6236
6238
6242
6243
6244
6248
6250
6253
6261
6263
6265
6270
6271
6273
6279
6282
6291
6293
6294
6296
6298
6304
6304
6305
6313
6314
6317
6317
6318
6319
6320
6325
6335
6339
6340
6340
6343
6347
6350
6354
6355
6357
6358
6359
6360
6370
6370
6371
6372
6375
6375
6375
6381
6382
6387
6390
6391
6392
6397
6399
6400
6403
6410
6413
6415
6415
6416
6419
6421
6440
6441
6448
6450
6455
6458
6459
6461
6464
6465
6474
6480
6480
6482
6483
6491
6493
6495
6495
6495
6496
6497
6500
6500
6501
6501
6501
6502
6504
6507
6508
6511
6512
6512
6514
6515
6519
6521
6527
6530
6537
6553
6558
6565
6570
6575
6577
6579
6581
6581
6582
6584
6584
6587
6593
6600
6607
6616
6620
6628
6628
6628
6630
6633
6635
6637
6648
6651
6654
6657
6657
6671
6673
6677
6687
6688
6690
6690
6692
6697
6698
6700
6709
6712
6714
6718
6719
6726
6729
6735
6735
6736
6736
6738
6740
6741
6743
6756
6758
6759
6759
6760
6760
6760
6761
6764
6767
6768
6768
6772
6774
6776
6777
6777
6778
6782
6782
6782
6789
6791
6804
6809
6814
6822
6828
6837
6839
6841
6842
6843
6844
6849
6850
6850
6850
6852
6855
6856
6859
6862
6866
6867
6871
6876
6876
6879
6891
6892
6898
6904
6906
6908
6913
6916
6926
6929
6930
6944
6945
6946
6949
6951
6955
6967
6968
6972
6978
6980
6987
6990
6990
6991
6992
6999
7005
7007
7007
7008
7010
7011
7015
7018
7020
7027
7031
7033
7033
7036
7037
7039
7039
7041
7048
7049
7050
7057
7059
7059
7063
7065
7067
7073
7073
7074
7082
7089
7089
7090
7091
7094
7096
7097
7098
7099
7102
7109
7114
7115
7120
7126
7128
7130
7130
7132
7138
7144
7149
7160
7165
7166
7171
7177
7177
7179
7182
7183
7196
7213
7213
7214
7218
7225
7233
7237
7243
7245
7247
7250
7251
7256
7256
7259
7261
7267
7269
7269
7276
7278
7278
7281
7286
7289
7291
7297
7298
7301
7305
7305
7307
7309
7324
7326
7326
7326
7329
7330
7338
7338
7342
7343
7348
7350
7354
7356
7356
7357
7360
7360
7364
7367
7368
7371
7379
7380
7383
7386
7389
7391
7391
7395
7404
7407
7408
7410
7420
7428
7432
7432
7433
7434
7436
7439
7443
7443
7447
7447
7452
7452
7453
7455
7459
7460
7461
7466
7480
7486
7487
7488
7493
7497
7498
7503
7504
7506
7510
7521
7522
7537
7545
7545
7553
7553
7554
7559
7560
7563
7573
7579
7579
7580
7580
7582
7583
7584
7585
7586
7588
7589
7591
7604
7609
7611
7615
7620
7621
7629
7629
7629
7632
7636
7655
7663
7664
7665
7665
7669
7669
7670
7673
7673
7675
7684
7690
7691
7691
7694
7696
7696
7697
7701
7706
7710
7717
7719
7722
7726
7731
7735
7736
7736
7742
7744
7747
7749
7756
7759
7760
7770
7796
7797
7798
7803
7804
7805
7806
7808
7817
7818
7823
7825
7828
7828
7830
7830
7835
7836
7836
7839
7841
7843
7844
7851
7854
7857
7858
7863
7869
7873
7878
7879
7882
7884
7890
7900
7901
7901
7901
7902
7904
7906
7910
7910
7912
7916
7919
7921
7922
7924
7925
7926
7929
7933
7934
7938
7939
7943
7955
7955
7958
7961
7965
7965
7970
7977
7978
7987
8007
8008
8008
8016
8021
8023
8024
8025
8032
8034
8036
8036
8039
8044
8047
8051
8052
8062
8065
8067
8070
8071
8071
8073
8074
8076
8076
8079
8081
8087
8087
8088
8092
8093
8094
8095
8097
8098
8104
8108
8112
8112
8114
8115
8116
8122
8122
8123
8125
8127
8127
8134
8138
8144
8149
8150
8152
8160
8162
8163
8163
8165
8178
8179
8183
8185
8185
8188
8188
8189
8198
8200
8205
8208
8209
8217
8230
8231
8234
8239
8239
8239
8240
8241
8243
8244
8246
8250
8253
8253
8263
8268
8271
8271
8275
8277
8280
8281
8289
8299
8299
8299
8303
8304
8306
8307
8307
8310
8326
8326
8327
8328
8332
8333
8334
8334
8337
8349
8353
8354
8355
8368
8369
8371
8376
8379
8379
8382
8383
8387
8388
8388
8392
8397
8398
8399
8400
8403
8408
8410
8410
8424
8427
8428
8430
8430
8437
8439
8442
8444
8445
8450
8454
8454
8458
8462
8467
8471
8472
8473
8481
8486
8486
8487
8490
8491
8494
8504
8506
8507
8508
8516
8524
8525
8526
8531
8536
8538
8547
8547
8547
8553
8553
8559
8563
8569
8569
8569
8570
8590
8591
8594
8604
8607
8612
8612
8614
8616
8617
8624
8626
8626
8626
8629
8630
8632
8635
8635
8640
8640
8642
8643
8646
8648
8651
8656
8659
8662
8666
8669
8669
8669
8679
8680
8680
8680
8691
8696
8700
8705
8706
8713
8718
8718
8725
8728
8733
8737
8740
8745
8747
8750
8750
8754
8754
8766
8774
8775
8777
8779
8785
8786
8788
8789
8791
8794
8799
8800
8802
8804
8812
8817
8825
8831
8832
8836
8837
8839
8842
8851
8852
8853
8858
8860
8865
8869
8870
8871
8871
8874
8885
8889
8891
8894
8898
8906
8910
8911
8913
8914
8915
8927
8927
8927
8936
8936
8937
8941
8949
8953
8966
8979
8980
8988
8994
8997
8998
8999
8999
9007
9011
9012
9020
9024
9033
9034
9037
9037
9042
9048
9050
9050
9052
9054
9054
9057
9058
9061
9064
9068
9070
9073
9078
9081
9082
9089
9096
9098
9100
9100
9101
9102
9102
9103
9104
9105
9105
9106
9115
9119
9122
9124
9130
9131
9136
9138
9143
9146
9147
9148
9153
9154
9157
9157
9165
9168
9175
9176
9181
9182
9184
9185
9191
9200
9201
9204
9205
9208
9208
9209
9212
9213
9215
9216
9224
9227
9231
9232
9232
9233
9233
9242
9245
9247
9247
9248
9251
9251
9253
9265
9265
9265
9269
9269
9271
9274
9275
9275
9276
9279
9282
9287
9292
9294
9298
9298
9300
9308
9309
9314
9317
9318
9321
9331
9333
9333
9335
9337
9338
9339
9341
9346
9347
9347
9348
9353
9353
9356
9357
9365
9378
9380
9385
9386
9388
9392
9392
9395
9395
9398
9400
9404
9407
9420
9422
9426
9427
9435
9438
9439
9440
9445
9447
9458
9460
9464
9465
9473
9474
9478
9481
9483
9484
9488
9488
9489
9499
9503
9506
9506
9507
9508
9510
9512
9513
9519
9521
9523
9524
9527
9528
9534
9534
9539
9539
9541
9544
9545
9546
9546
9548
9550
9551
9555
9556
9562
9564
9566
9570
9575
9576
9576
9581
9583
9585
9586
9588
9593
9595
9598
9601
9601
9602
9604
9612
9614
9624
9626
9640
9641
9642
9646
9650
9651
9652
9652
9654
9654
9656
9657
9658
9662
9663
9664
9666
9666
9666
9667
9671
9675
9676
9680
9681
9683
9686
9688
9690
9691
9693
9696
9698
9703
9705
9708
9716
9723
9727
9728
9736
9736
9737
9738
9739
9739
9741
9748
9756
9757
9759
9766
9767
9770
9772
9774
9776
9780
9782
9787
9788
9792
9796
9809
9817
9819
9820
9821
9822
9823
9828
9833
9847
9851
9851
9854
9855
9857
9859
9859
9860
9866
9870
9875
9876
9879
9884
9890
9898
9900
9901
9902
9905
9906
9909
9911
9913
9915
9915
9919
9926
9930
9934
9938
9949
9954
9969
9969
9980
9981
9986
9987
9994
9997
10000
